1 0.490335 0.682418 0.148573 0.145739
1 0.34963 0.265178 0.0993077 0.119534
1 0.369658 0.722715 0.140302 0.150471
1 0.676056 0.571186 0.104026 0.107588
1 0.451128 0.793646 0.108778 0.102963
2 0.286114 0.791615 0.122105 0.132501
1 0.39361 0.401688 0.116058 0.128129
1 0.521214 0.488324 0.107075 0.10804
0 0.896452 0.654048 0.0761439 0.0807855
2 0.206409 0.727785 0.127968 0.107235
0 0.447817 0.494389 0.0644734 0.0843121
1 0.54896 0.607202 0.0884247 0.0996606
2 0.691988 0.397449 0.0796907 0.0917326
1 0.612578 0.535632 0.0961074 0.0986182
0 0.459176 0.365564 0.110116 0.107495
2 0.597036 0.444554 0.081671 0.086923
0 0.901522 0.574626 0.0872356 0.0719704
0 0.505011 0.558078 0.0877429 0.0719019
2 0.443052 0.187731 0.0597852 0.0786338
0 0.865015 0.535421 0.0551876 0.0460768
2 0.541398 0.17427 0.0687033 0.0842259
0 0.506277 0.0600893 0.070843 0.0772603
3 0.443057 0.0349514 0.0866557 0.0698988
0 0.952996 0.605825 0.074987 0.062829
2 0.711791 0.468075 0.0563085 0.0626329
2 0.629055 0.396864 0.0773577 0.0819651
2 0.65484 0.469995 0.0742423 0.0639996
1 0.573506 0.0984832 0.0936155 0.0983524
1 0.530955 0.0287045 0.0885461 0.0574432
2 0.552311 0.371806 0.0802195 0.105186
1 0.486333 0.425483 0.0843912 0.0706659
3 0.395982 0.016544 0.0847015 0.033238
2 0.600413 0.355307 0.0238746 0.0244149
