0 0.908731 0.580009 0.182315 0.182457
3 0.463162 0.568034 0.145657 0.131327
1 0.262404 0.638263 0.119472 0.109806
0 0.403452 0.382047 0.167021 0.148043
0 0.505806 0.330794 0.157956 0.161167
1 0.643148 0.416539 0.172224 0.16828
1 0.249621 0.51043 0.124869 0.110221
0 0.621365 0.274915 0.124876 0.147047
0 0.719538 0.338889 0.111688 0.123147
0 0.181882 0.450689 0.100895 0.107637
0 0.498814 0.241127 0.139617 0.0905209
0 0.955164 0.212141 0.0896505 0.26125
1 0.279402 0.416348 0.100288 0.106582
1 0.502005 0.472807 0.130763 0.121867
0 0.936024 0.454784 0.128413 0.216231
1 0.235449 0.384591 0.0717261 0.0671291
0 0.878286 0.286862 0.0473024 0.0840812
1 0.176401 0.592487 0.0887153 0.0827
1 0.332742 0.555166 0.0943758 0.0911586
