3 0.469297 0.400504 0.133497 0.128189
1 0.544628 0.296357 0.155038 0.13273
0 0.279387 0.397936 0.0787332 0.111476
0 0.627985 0.743808 0.120122 0.140392
0 0.29948 0.201358 0.139813 0.100396
2 0.745903 0.639297 0.126158 0.107254
2 0.454839 0.128639 0.135136 0.132419
3 0.436711 0.211369 0.149592 0.149949
2 0.642687 0.625115 0.123459 0.11433
3 0.334083 0.367637 0.139959 0.109521
3 0.595606 0.193325 0.135627 0.133765
3 0.365432 0.46325 0.133555 0.13719
1 0.509879 0.734574 0.125276 0.133261
3 0.599145 0.817631 0.095167 0.109638
1 0.524065 0.613801 0.116507 0.11924
1 0.617112 0.530082 0.0727644 0.0903991
3 0.301337 0.275981 0.15029 0.124989
