1 0.628205 0.678671 0.142164 0.141303
3 0.703554 0.542758 0.112567 0.12123
1 0.502601 0.630555 0.125399 0.120906
0 0.327219 0.463516 0.0985807 0.112133
2 0.523661 0.509973 0.107718 0.125433
1 0.592792 0.565322 0.120494 0.117751
0 0.25354 0.447973 0.0790469 0.0786755
0 0.344414 0.356591 0.110025 0.112125
2 0.693267 0.448286 0.0940326 0.0949154
2 0.549758 0.716962 0.0904114 0.0997768
2 0.192745 0.185266 0.0622437 0.0589649
2 0.936012 0.976154 0.127638 0.0476237
2 0.784721 0.519504 0.103604 0.115612
2 0.743625 0.44707 0.0446449 0.0789031
3 0.970518 0.884882 0.0590752 0.167813
