3 0.375999 0.682224 0.252816 0.243102
1 0.549026 0.231029 0.222141 0.262336
2 0.605494 0.662775 0.22434 0.262114
1 0.697443 0.814388 0.16278 0.135996
2 0.534171 0.819018 0.198571 0.185588
2 0.805285 0.682657 0.201044 0.175021
1 0.699347 0.376872 0.244936 0.257479
2 0.759331 0.277871 0.196985 0.171869
1 0.385745 0.404995 0.268543 0.246329
2 0.254144 0.68839 0.142612 0.223152
2 0.85554 0.453902 0.193226 0.125637
1 0.366225 0.536543 0.137581 0.075601
3 0.42206 0.838428 0.075802 0.0919395
1 0.210572 0.349093 0.136193 0.168379
2 0.133261 0.471752 0.156803 0.159147
