0 0.71137 0.407077 0.147277 0.127199
0 0.289576 0.601726 0.141781 0.16155
0 0.345775 0.744165 0.14754 0.133952
0 0.819905 0.177769 0.16285 0.162297
1 0.405956 0.670785 0.161448 0.171099
3 0.101363 0.632931 0.136848 0.141373
2 0.537511 0.691043 0.107901 0.082261
0 0.425189 0.507982 0.14992 0.168256
0 0.339667 0.404515 0.124821 0.145298
1 0.703467 0.273022 0.135403 0.144285
1 0.700595 0.132167 0.126907 0.141402
0 0.465776 0.411318 0.132658 0.130816
0 0.543694 0.591224 0.176266 0.140541
1 0.230902 0.4673 0.15389 0.155093
1 0.59949 0.231642 0.134146 0.14251
1 0.825127 0.324172 0.144146 0.130193
1 0.819099 0.450818 0.116971 0.126466
0 0.207316 0.594497 0.0603185 0.104627
0 0.921832 0.343297 0.13511 0.144619
0 0.614681 0.137557 0.0525238 0.0633068
3 0.0141919 0.758458 0.0284075 0.131155
1 0.912312 0.208248 0.109966 0.129761
1 0.9217 0.025003 0.0931058 0.0500433
