0 0.264174 0.338019 0.189979 0.147639
0 0.580329 0.723941 0.176602 0.171576
0 0.370365 0.217094 0.158416 0.173937
1 0.628128 0.303638 0.155231 0.139183
0 0.387985 0.617169 0.198022 0.195744
0 0.39416 0.440828 0.159203 0.162994
1 0.533467 0.216331 0.123538 0.122478
0 0.407289 0.793593 0.187597 0.202713
0 0.492909 0.330394 0.150241 0.163986
0 0.248812 0.227343 0.122683 0.100876
0 0.540193 0.549788 0.17676 0.208675
0 0.200407 0.613919 0.147592 0.154154
0 0.249124 0.64775 0.140281 0.157584
0 0.613578 0.43022 0.151031 0.126401
0 0.240184 0.783091 0.175016 0.13873
0 0.516334 0.451155 0.097975 0.084728
0 0.274575 0.426591 0.0962341 0.0596095
