3 0.65148 0.74935 0.139122 0.15407
2 0.432895 0.659242 0.128439 0.139012
0 0.413732 0.531904 0.129888 0.128295
1 0.471241 0.260606 0.130062 0.126221
1 0.609743 0.419083 0.12151 0.121018
2 0.535409 0.365093 0.106545 0.11473
0 0.522919 0.483595 0.112525 0.107902
0 0.670875 0.626939 0.124519 0.104311
2 0.350602 0.298154 0.1285 0.117682
3 0.556655 0.824844 0.139407 0.135832
2 0.42855 0.365308 0.111706 0.106988
0 0.71955 0.551475 0.143366 0.136449
0 0.598231 0.533058 0.128898 0.121869
1 0.569385 0.264123 0.0906237 0.102633
2 0.539887 0.711975 0.104202 0.121452
3 0.804693 0.742689 0.135846 0.134631
2 0.363533 0.195589 0.119666 0.117566
1 0.693824 0.476663 0.10388 0.0662407
2 0.212966 0.0433393 0.115235 0.0867894
2 0.611992 0.339551 0.0757819 0.0531956
2 0.185977 0.0913433 0.0583026 0.0746055
2 0.474431 0.199333 0.0908408 0.0392885
2 0.304998 0.0213939 0.0973085 0.0427611
3 0.335527 0.426824 0.105081 0.122717
2 0.426586 0.0223158 0.101508 0.0445556
2 0.350303 0.0124862 0.0741624 0.0249204
