1 0.537075 0.369814 0.152334 0.161996
1 0.588617 0.498952 0.178929 0.168462
3 0.860531 0.396306 0.131907 0.134015
0 0.319308 0.443219 0.198537 0.182933
2 0.520956 0.633622 0.145819 0.132128
1 0.398273 0.324821 0.155834 0.182773
2 0.882789 0.304849 0.134419 0.100774
1 0.353584 0.629046 0.179567 0.183195
3 0.855202 0.522927 0.11996 0.121396
1 0.310977 0.263204 0.143142 0.143853
1 0.238785 0.387178 0.166233 0.1587
2 0.783221 0.534941 0.0925803 0.128093
2 0.682339 0.336019 0.0831163 0.0881023
2 0.448094 0.550858 0.185769 0.159802
2 0.763914 0.35293 0.0972295 0.111036
2 0.785858 0.286661 0.108008 0.0892805
2 0.708407 0.54016 0.0702572 0.0890752
1 0.41321 0.68215 0.0974017 0.0887857
2 0.677662 0.392874 0.106668 0.0443973
