0 0.764769 0.574753 0.127623 0.120566
3 0.897663 0.679869 0.131352 0.134947
3 0.859938 0.918518 0.142632 0.1631
0 0.562503 0.780209 0.143829 0.149542
0 0.626871 0.553196 0.109232 0.106561
3 0.949911 0.775423 0.100032 0.129997
0 0.328536 0.531336 0.127711 0.116054
0 0.300847 0.365427 0.0724916 0.0756122
1 0.769199 0.672689 0.0883796 0.0765897
3 0.806464 0.7714 0.138302 0.134388
0 0.510052 0.405953 0.0804472 0.0979419
0 0.248955 0.50251 0.0902474 0.0824347
0 0.692836 0.748789 0.132609 0.135833
0 0.534885 0.500266 0.120526 0.116709
0 0.429529 0.419677 0.118018 0.115239
0 0.494481 0.709482 0.0878542 0.100104
0 0.44456 0.56316 0.114561 0.105056
3 0.951938 0.895092 0.0958233 0.13047
0 0.350313 0.456071 0.115379 0.0929557
0 0.157884 0.416922 0.105896 0.096458
0 0.343194 0.629678 0.11937 0.108339
1 0.0745158 0.36887 0.085531 0.0788837
0 0.666522 0.643208 0.141905 0.12227
0 0.542418 0.641087 0.127999 0.131323
0 0.261548 0.421894 0.104558 0.0974236
0 0.2178 0.335298 0.0954473 0.107229
0 0.160711 0.508089 0.0935872 0.0882544
0 0.0356162 0.240448 0.071274 0.0874005
0 0.287959 0.314813 0.0719868 0.0646564
0 0.133319 0.21223 0.0847979 0.0814805
3 0.952668 0.959322 0.0691428 0.0623994
1 0.365424 0.361272 0.0604888 0.0356037
1 0.0185026 0.336079 0.0367972 0.0793609
2 0.0285599 0.878729 0.057091 0.0799735
2 0.0474377 0.944625 0.0689116 0.0681794
2 0.0542468 0.98853 0.0935664 0.0230102
1 0.0849758 0.289774 0.0961391 0.0798177
3 0.147214 0.279707 0.051304 0.0564476
0 0.353065 0.39162 0.0543393 0.0418004
1 0.438767 0.668685 0.0843401 0.115907
