1 0.574056 0.468673 0.119201 0.13846
1 0.681553 0.269439 0.12456 0.15035
1 0.532119 0.764847 0.117516 0.132025
1 0.836735 0.506388 0.153594 0.149019
1 0.777127 0.341031 0.149901 0.158169
1 0.688659 0.586675 0.141518 0.103331
1 0.338526 0.646142 0.113397 0.113031
1 0.695495 0.481736 0.164952 0.143776
1 0.619273 0.355285 0.15732 0.149997
1 0.445673 0.614539 0.108046 0.119005
1 0.574628 0.673167 0.113603 0.0962239
1 0.428804 0.796582 0.107304 0.106758
1 0.320298 0.761521 0.121971 0.114857
2 0.889889 0.363279 0.160047 0.147237
1 0.462609 0.848968 0.0850299 0.0799349
1 0.397602 0.70319 0.123397 0.111572
2 0.361029 0.858576 0.0977792 0.0945383
1 0.502596 0.569527 0.0783248 0.0691214
1 0.585918 0.608281 0.069635 0.0596448
1 0.17964 0.861391 0.0780376 0.0889449
1 0.608954 0.728139 0.0662561 0.0761982
1 0.14568 0.951536 0.0944104 0.0928361
1 0.221396 0.901613 0.0837912 0.0831269
1 0.257563 0.839954 0.0804303 0.0861435
1 0.901544 0.463922 0.0714986 0.0790926
1 0.773655 0.244493 0.0705181 0.0507462
1 0.209834 0.971754 0.0816852 0.0564044
1 0.78049 0.572539 0.0557724 0.0584555
1 0.568113 0.288312 0.109619 0.121351
1 0.38832 0.582561 0.0487548 0.0486953
2 0.314433 0.959446 0.0777021 0.0637501
2 0.968121 0.0279896 0.0638314 0.056224
1 0.137567 0.868083 0.0369278 0.0757022
