2 0.709071 0.655621 0.126085 0.119205
2 0.424016 0.735698 0.101486 0.11719
2 0.58746 0.675088 0.130486 0.128802
2 0.512638 0.194906 0.113307 0.116039
2 0.398407 0.19978 0.121813 0.117581
2 0.589407 0.828537 0.128998 0.13906
3 0.511851 0.759922 0.108009 0.101085
2 0.186803 0.0778473 0.0979164 0.0890082
2 0.361501 0.0813095 0.0801618 0.104682
0 0.602393 0.600691 0.104865 0.0780355
2 0.679367 0.884933 0.12057 0.129353
2 0.386148 0.406576 0.0995767 0.12323
0 0.49875 0.395959 0.116293 0.13429
1 0.707438 0.7781 0.132821 0.137098
0 0.309689 0.306808 0.115043 0.133016
2 0.419759 0.297019 0.122298 0.108227
2 0.448725 0.86234 0.142094 0.142865
2 0.534799 0.28534 0.118436 0.106276
2 0.53679 0.93267 0.122409 0.125084
1 0.246317 0.333061 0.0970311 0.111623
0 0.294497 0.422648 0.0978469 0.0981947
2 0.407445 0.0211085 0.091768 0.0423097
2 0.19141 0.0164125 0.0861173 0.0327736
0 0.271773 0.127094 0.0896451 0.101864
3 0.260557 0.040435 0.0789118 0.080857
2 0.383174 0.47544 0.103751 0.0646445
3 0.335858 0.013835 0.06822 0.0279241
0 0.206167 0.13484 0.058014 0.0507382
1 0.161024 0.0270871 0.0412007 0.0454398
