1 0.41947 0.602301 0.157016 0.149825
3 0.415169 0.368127 0.123576 0.138608
1 0.361464 0.467824 0.13303 0.137519
0 0.564889 0.696365 0.176328 0.182155
1 0.544437 0.531225 0.167607 0.148388
2 0.606167 0.0532677 0.126731 0.106293
2 0.711699 0.0254611 0.118351 0.0509836
0 0.2908 0.516474 0.138017 0.13445
2 0.517234 0.0332785 0.139647 0.0666982
0 0.673279 0.507717 0.146969 0.155527
0 0.496 0.7239 0.0714316 0.118964
3 0.819834 0.0115547 0.128626 0.0228677
3 0.814006 0.065613 0.122284 0.12402
3 0.92213 0.0136684 0.125488 0.0275514
