2 0.427303 0.587005 0.138566 0.12124
2 0.361044 0.345605 0.118818 0.092633
1 0.523432 0.507636 0.112825 0.130719
1 0.636353 0.537609 0.134621 0.124891
2 0.705885 0.622818 0.131653 0.110752
2 0.451821 0.320123 0.0973468 0.1152
1 0.507758 0.663534 0.123883 0.1361
1 0.631736 0.666899 0.129162 0.120433
2 0.522309 0.254001 0.0811829 0.111473
1 0.513121 0.727502 0.115018 0.0845331
2 0.350767 0.189259 0.099057 0.0949397
2 0.374931 0.436732 0.0645308 0.0972568
1 0.512589 0.395862 0.0937654 0.0999828
2 0.585773 0.413297 0.089534 0.103426
1 0.578864 0.290448 0.111139 0.104285
2 0.436785 0.434976 0.0916131 0.117707
1 0.537686 0.185559 0.0894764 0.0740438
3 0.623508 0.365282 0.0968588 0.0784294
2 0.71024 0.53337 0.0358213 0.0719402
1 0.656445 0.729655 0.0681634 0.0393501
