1 0.386016 0.358868 0.109915 0.114203
1 0.483947 0.368007 0.126856 0.113369
1 0.430575 0.262219 0.115936 0.118666
1 0.387581 0.646114 0.143582 0.120932
0 0.610683 0.178361 0.101375 0.132397
2 0.451375 0.590966 0.1201 0.123531
2 0.670192 0.682655 0.138814 0.117645
1 0.545491 0.85998 0.129761 0.153224
0 0.622492 0.317661 0.133181 0.125432
1 0.528046 0.267828 0.103109 0.108074
2 0.570257 0.41301 0.0958494 0.115784
2 0.512198 0.181003 0.0994625 0.0928167
2 0.556799 0.637189 0.134654 0.125124
2 0.504909 0.715789 0.126576 0.13506
1 0.609983 0.75852 0.133609 0.121536
3 0.473677 0.972556 0.126726 0.0547475
2 0.674643 0.354855 0.110961 0.107871
0 0.386071 0.772011 0.14175 0.133439
0 0.587606 0.0433783 0.0676376 0.0864087
1 0.349859 0.275431 0.0751796 0.0895847
2 0.654613 0.805259 0.105893 0.110038
2 0.329115 0.744047 0.0760223 0.0995439
0 0.652857 0.0234595 0.0816977 0.0470217
3 0.400253 0.948215 0.110521 0.10339
0 0.697704 0.257912 0.0592762 0.0859385
1 0.319807 0.639105 0.0878524 0.116304
1 0.425049 0.18743 0.0780032 0.0645793
2 0.425933 0.0155945 0.0702391 0.0313819
2 0.424243 0.445538 0.0450269 0.0353831
2 0.475668 0.00292394 0.0735941 0.00642793
1 0.460567 0.431604 0.0814673 0.05666
