2 0.414663 0.639178 0.165374 0.185723
2 0.319441 0.708995 0.137367 0.164148
2 0.416411 0.442935 0.145118 0.155948
2 0.620732 0.460789 0.122485 0.113194
2 0.529219 0.522613 0.164472 0.150182
2 0.160808 0.0798473 0.110819 0.120158
2 0.203964 0.0309945 0.115462 0.0618999
1 0.357081 0.103669 0.152985 0.168592
1 0.289639 0.546332 0.178838 0.188106
0 0.238036 0.134172 0.127225 0.164285
0 0.476904 0.0324989 0.165406 0.0653204
2 0.473346 0.342577 0.0884119 0.0530457
2 0.538969 0.9662 0.0873385 0.0676818
0 0.626231 0.59292 0.159311 0.163107
1 0.467985 0.114782 0.112201 0.140931
2 0.508291 0.407599 0.112369 0.114142
3 0.51948 0.658841 0.089301 0.128346
1 0.286873 0.419397 0.132015 0.0861435
1 0.311823 0.0170864 0.137244 0.0341382
2 0.177599 0.573313 0.097241 0.111257
2 0.628471 0.996617 0.0830317 0.00717545
2 0.538717 0.996553 0.0844852 0.00695061
