3 0.688348 0.532388 0.190678 0.153966
0 0.657935 0.368412 0.185912 0.175134
2 0.0706932 0.473904 0.141621 0.0879284
2 0.563251 0.24917 0.163555 0.196985
2 0.733732 0.349247 0.126629 0.162263
2 0.381625 0.577534 0.0834051 0.0978179
1 0.349007 0.453292 0.196319 0.159274
1 0.49216 0.523547 0.207477 0.182743
0 0.488332 0.664883 0.153497 0.140877
3 0.48527 0.365343 0.157857 0.141303
1 0.0541384 0.243648 0.108883 0.149701
2 0.0259057 0.507808 0.0519598 0.104789
2 0.0141095 0.246297 0.028497 0.137682
2 0.68369 0.610303 0.127682 0.0584981
2 0.0255775 0.494635 0.051217 0.130563
2 0.0139577 0.250948 0.028415 0.139038
