0 0.537048 0.502277 0.152683 0.177223
0 0.20456 0.293672 0.0989612 0.114376
0 0.258419 0.602599 0.158683 0.155568
0 0.360872 0.674533 0.168372 0.169779
0 0.663383 0.445873 0.172585 0.156114
0 0.475906 0.773164 0.137948 0.115083
0 0.516612 0.663057 0.157526 0.175014
0 0.392288 0.525946 0.165806 0.150344
3 0.333276 0.452951 0.114294 0.116807
3 0.567838 0.37861 0.107515 0.096105
1 0.115082 0.194958 0.145428 0.141969
2 0.125631 0.31532 0.0846236 0.0973085
1 0.331386 0.764227 0.153028 0.130747
1 0.455511 0.40253 0.147138 0.137369
0 0.640811 0.600099 0.143252 0.150331
0 0.858076 0.973796 0.162188 0.0525828
0 0.0374219 0.212222 0.0749043 0.120676
0 0.0330662 0.056761 0.0658303 0.105577
