1 0.376662 0.468978 0.117856 0.116607
0 0.333385 0.356227 0.131005 0.114289
0 0.523 0.310026 0.136618 0.117965
0 0.478774 0.524866 0.121299 0.116493
0 0.535609 0.430918 0.136772 0.123353
0 0.392799 0.292796 0.126154 0.143852
2 0.621355 0.637671 0.144336 0.17073
3 0.687136 0.440577 0.12139 0.137562
1 0.806692 0.553498 0.141753 0.119244
1 0.349454 0.241172 0.0916887 0.0978839
1 0.698322 0.69534 0.113876 0.133691
0 0.547748 0.6713 0.101111 0.139846
0 0.222965 0.0472543 0.0757312 0.0902696
1 0.438914 0.689058 0.129895 0.132949
3 0.480951 0.606708 0.100481 0.0658401
1 0.174445 0.0185136 0.0927998 0.0369834
0 0.286376 0.0468037 0.0423647 0.0554098
