2 0.468679 0.747534 0.159639 0.136164
2 0.580535 0.574399 0.121667 0.137014
2 0.311272 0.713235 0.13702 0.159195
2 0.394056 0.844693 0.123651 0.162256
2 0.286646 0.817919 0.105427 0.104166
3 0.0572625 0.921716 0.114503 0.156611
2 0.564272 0.368375 0.100394 0.139008
2 0.271255 0.508172 0.121601 0.108538
2 0.639882 0.486847 0.123797 0.092426
2 0.187872 0.668477 0.145486 0.140454
0 0.431946 0.618332 0.156581 0.148897
2 0.168262 0.599191 0.134356 0.100463
0 0.681985 0.385687 0.132307 0.133934
1 0.489068 0.482384 0.139849 0.121084
3 0.695424 0.539829 0.125356 0.111987
2 0.297444 0.577654 0.134218 0.127153
2 0.421433 0.497526 0.0722531 0.0936003
2 0.3749 0.550185 0.0715585 0.0521686
3 0.0165798 0.817115 0.03339 0.135622
