0 0.555272 0.423374 0.0910456 0.105644
0 0.566467 0.689187 0.120276 0.131982
0 0.444074 0.409509 0.0988562 0.114178
0 0.456949 0.712216 0.120729 0.123697
0 0.391866 0.780333 0.11844 0.104193
1 0.641726 0.650598 0.0999928 0.101002
0 0.486271 0.299052 0.0883458 0.0917326
0 0.663835 0.759915 0.121062 0.132902
0 0.554929 0.824862 0.133626 0.14019
0 0.556408 0.551124 0.0990518 0.106031
0 0.620578 0.478354 0.103031 0.0882757
0 0.474792 0.82519 0.084897 0.111128
0 0.497002 0.488578 0.0914579 0.0855489
0 0.489284 0.919481 0.102592 0.0956486
0 0.630315 0.883714 0.120873 0.128387
0 0.354774 0.499382 0.0966097 0.0922848
0 0.377297 0.584221 0.0590052 0.0920758
0 0.427809 0.575292 0.0906261 0.0992347
2 0.739503 0.765716 0.0574055 0.0948661
1 0.537191 0.314309 0.0519947 0.0789089
0 0.399813 0.365565 0.0441203 0.0671896
1 0.632277 0.543799 0.0663103 0.0657054
1 0.36625 0.338195 0.0661454 0.0612838
0 0.53996 0.239507 0.0782486 0.0726733
2 0.70209 0.838552 0.051861 0.0575482
0 0.614189 0.417109 0.0423191 0.0579948
1 0.505145 0.399898 0.0635936 0.0908318
0 0.48035 0.353056 0.0371684 0.027615
