1 0.731864 0.827967 0.164474 0.190077
1 0.174796 0.408558 0.177913 0.152453
1 0.493124 0.312707 0.170623 0.159763
1 0.464614 0.447234 0.192113 0.164535
1 0.791208 0.656499 0.171084 0.185084
2 0.185224 0.529273 0.131163 0.118255
2 0.330192 0.329191 0.166876 0.190122
1 0.303279 0.496559 0.161341 0.150962
1 0.860985 0.796176 0.176814 0.184718
2 0.725499 0.582405 0.132979 0.138056
2 0.18807 0.107893 0.110751 0.141342
0 0.359422 0.573627 0.161144 0.171439
1 0.111907 0.0839641 0.142316 0.128626
1 0.736936 0.922781 0.153807 0.116018
1 0.901573 0.677731 0.0687512 0.111747
2 0.577753 0.798647 0.125587 0.117189
2 0.0192903 0.237052 0.0386048 0.168107
2 0.0737355 0.0136246 0.147779 0.0275831
2 0.0701918 0.196263 0.109063 0.100423
