3 0.340126 0.194551 0.108185 0.106568
2 0.327926 0.303815 0.109574 0.108661
1 0.429507 0.568355 0.120999 0.104629
1 0.734345 0.751165 0.12599 0.132578
0 0.614305 0.771902 0.129142 0.130541
0 0.527095 0.383438 0.0669997 0.0869862
0 0.488844 0.733835 0.1345 0.136047
0 0.519141 0.186616 0.112084 0.115971
0 0.410278 0.376795 0.0994004 0.109292
0 0.508617 0.294168 0.0997697 0.113821
0 0.69211 0.866194 0.133761 0.130517
0 0.547021 0.871021 0.12388 0.134929
0 0.417358 0.286537 0.0876879 0.0970095
1 0.420839 0.157227 0.0941781 0.113111
0 0.587988 0.291522 0.0968052 0.103054
0 0.332281 0.0804322 0.0787386 0.105886
2 0.282058 0.24578 0.0831136 0.0869775
2 0.442751 0.503651 0.0932749 0.0563132
0 0.478491 0.668649 0.107901 0.0673499
0 0.475193 0.826314 0.0982663 0.0919862
2 0.252571 0.0429357 0.0984718 0.0860362
1 0.780195 0.792043 0.0843455 0.0939728
0 0.589953 0.893139 0.0769564 0.108527
1 0.578326 0.230035 0.0758796 0.0415614
