2 0.471741 0.505458 0.099667 0.106291
0 0.60342 0.468575 0.108105 0.111004
0 0.314167 0.453981 0.10598 0.106068
1 0.863691 0.342446 0.103188 0.107315
2 0.710023 0.462139 0.111631 0.0961054
1 0.418689 0.597322 0.105744 0.114706
3 0.190372 0.432595 0.0902044 0.0907542
0 0.650547 0.558875 0.114484 0.115087
1 0.370659 0.514481 0.109916 0.115737
0 0.528964 0.459384 0.0773793 0.0852107
1 0.549461 0.551162 0.0922165 0.101813
0 0.616931 0.617434 0.104821 0.0729147
0 0.400318 0.393196 0.107398 0.108558
1 0.484077 0.378112 0.100102 0.106938
0 0.631408 0.374462 0.0945688 0.106399
1 0.936573 0.388625 0.0938613 0.0918058
0 0.717725 0.538553 0.0640427 0.0730001
2 0.883438 0.563836 0.0996104 0.104864
0 0.347377 0.603895 0.0678692 0.0893307
0 0.553191 0.393909 0.068836 0.0693268
2 0.325283 0.378745 0.0585814 0.0602454
2 0.866305 0.503943 0.0710012 0.0549512
3 0.957735 0.304742 0.0842226 0.0885464
3 0.976047 0.426642 0.0481039 0.0890167
