0 0.431493 0.473421 0.168158 0.151993
0 0.583699 0.48146 0.147987 0.144125
0 0.541041 0.630643 0.151705 0.167478
0 0.592913 0.680418 0.105705 0.13818
3 0.810996 0.807696 0.161903 0.141712
1 0.664776 0.340539 0.125295 0.164231
0 0.400568 0.551472 0.139438 0.0922267
1 0.748417 0.450423 0.158497 0.126228
0 0.441831 0.655921 0.101095 0.156683
3 0.943481 0.76974 0.11313 0.199075
2 0.886466 0.913902 0.211944 0.171719
1 0.539395 0.374547 0.155907 0.143871
1 0.711514 0.53493 0.163806 0.151558
2 0.879043 0.755049 0.0638145 0.0941351
1 0.305062 0.0948887 0.116765 0.119483
3 0.725897 0.895718 0.121178 0.116117
2 0.986997 0.957829 0.02681 0.0841158
3 0.749255 0.363723 0.0779538 0.0639544
3 0.991056 0.876385 0.017395 0.104436
