3 0.369522 0.667091 0.139758 0.128062
3 0.511994 0.616001 0.12132 0.121959
1 0.787871 0.852866 0.138652 0.141592
1 0.124794 0.298497 0.144929 0.141209
1 0.522574 0.520375 0.115773 0.0944069
0 0.188072 0.414959 0.153973 0.119718
1 0.906225 0.851551 0.123834 0.139024
0 0.0505896 0.517996 0.101097 0.135719
1 0.93969 0.771953 0.120602 0.117264
2 0.149787 0.510706 0.116201 0.111145
1 0.818982 0.691371 0.0679401 0.0746581
2 0.707604 0.806301 0.0913263 0.0960807
2 0.101848 0.593132 0.130647 0.102927
0 0.514362 0.703083 0.0968833 0.0746977
0 0.45072 0.476416 0.0769151 0.098158
1 0.819664 0.927771 0.0916743 0.0843967
2 0.795971 0.957064 0.105126 0.0829035
2 0.677093 0.7627 0.048003 0.0513982
0 0.0181505 0.595763 0.03621 0.102046
2 0.707051 0.866177 0.0352701 0.0343098
