1 0.691079 0.669051 0.136197 0.136318
1 0.213511 0.416473 0.152907 0.137048
0 0.275877 0.536155 0.118909 0.140014
1 0.471637 0.64058 0.138831 0.131349
1 0.218581 0.204335 0.122086 0.0924423
0 0.355108 0.403711 0.136318 0.141855
0 0.363132 0.545688 0.0910007 0.117749
0 0.465999 0.332164 0.134789 0.1278
0 0.485344 0.807687 0.165753 0.175867
1 0.584632 0.574602 0.14288 0.144166
1 0.555584 0.734418 0.135829 0.145711
0 0.475058 0.448767 0.130221 0.108131
0 0.0484352 0.183471 0.0967392 0.102981
1 0.769477 0.715225 0.117924 0.13435
1 0.604496 0.49252 0.132567 0.122927
0 0.125696 0.239628 0.102713 0.0954147
0 0.133645 0.124652 0.123267 0.124211
1 0.219804 0.115489 0.0902139 0.104608
0 0.792825 0.638308 0.0791939 0.0974739
3 0.653136 0.779298 0.135609 0.145071
2 0.705989 0.582755 0.115664 0.0855375
0 0.51813 0.525775 0.0444146 0.0885179
2 0.0671588 0.263179 0.0911963 0.0598602
2 0.543445 0.857634 0.0984016 0.103293
2 0.704866 0.517539 0.0808343 0.0779691
2 0.9523 0.967222 0.0952641 0.0658327
1 0.105983 0.0680222 0.0991736 0.111583
2 0.982245 0.917086 0.0352959 0.0880769
0 0.21119 0.54333 0.0312173 0.0824497
0 0.0623198 0.0141807 0.0889523 0.0281607
