3 0.6566 0.446996 0.153671 0.148035
1 0.408796 0.682872 0.196151 0.221649
0 0.466865 0.436744 0.157978 0.174984
3 0.337342 0.525482 0.158397 0.130073
0 0.52666 0.731399 0.120016 0.165692
1 0.123575 0.260348 0.124655 0.135045
1 0.267719 0.176192 0.118023 0.132844
2 0.66844 0.606227 0.146682 0.151502
3 0.910883 0.863013 0.156161 0.148744
1 0.0470914 0.14074 0.0943064 0.147391
1 0.148453 0.353399 0.104112 0.0845799
2 0.687998 0.553236 0.145209 0.103835
1 0.250051 0.0634949 0.100705 0.106215
1 0.933524 0.953585 0.132915 0.0927132
1 0.0523807 0.0600145 0.0882802 0.0946181
0 0.262586 0.635532 0.165853 0.188761
1 0.150371 0.114043 0.127636 0.136652
2 0.153871 0.037599 0.12473 0.0751729
3 0.578201 0.448814 0.0676932 0.110105
1 0.0418755 0.29118 0.0837815 0.130825
3 0.801948 0.979236 0.153024 0.0414407
2 0.00837472 0.0360436 0.0170278 0.0734316
