1 0.41299 0.532472 0.15036 0.164502
1 0.62163 0.61353 0.166034 0.135581
0 0.557849 0.480223 0.155744 0.156288
2 0.840877 0.761022 0.177307 0.183999
3 0.907895 0.908806 0.138635 0.140784
2 0.351553 0.663577 0.10941 0.116574
2 0.566488 0.739618 0.141089 0.158921
0 0.472716 0.67785 0.168873 0.171513
0 0.433354 0.765832 0.113119 0.103804
3 0.747391 0.940645 0.128036 0.118425
0 0.934311 0.737516 0.11368 0.164438
3 0.862551 0.976555 0.150779 0.0468183
2 0.347919 0.589772 0.0579386 0.0504278
2 0.974737 0.938585 0.0509814 0.122758
2 0.969324 0.840799 0.061164 0.0931395
2 0.359845 0.722816 0.0466566 0.0181915
