0 0.311119 0.457311 0.162682 0.17432
0 0.255895 0.602167 0.178698 0.145969
2 0.50653 0.725975 0.156297 0.176628
0 0.466265 0.458595 0.163059 0.194056
0 0.590026 0.405556 0.15075 0.178982
2 0.387425 0.656919 0.157997 0.164416
0 0.656624 0.596165 0.159581 0.132925
2 0.335184 0.724008 0.135648 0.123276
0 0.457694 0.348534 0.153719 0.112134
0 0.151778 0.372955 0.105709 0.111228
0 0.156292 0.477907 0.125921 0.0941973
1 0.330491 0.313243 0.0923361 0.113357
1 0.676328 0.438987 0.13634 0.1557
0 0.222851 0.417602 0.0845759 0.11577
0 0.0811631 0.390405 0.0590063 0.0576945
1 0.946407 0.833806 0.107431 0.318781
