3 0.349286 0.588902 0.105672 0.137987
2 0.540785 0.614011 0.0968954 0.124469
0 0.329194 0.408917 0.125759 0.118074
1 0.0576033 0.574985 0.115217 0.113253
1 0.253383 0.499028 0.133232 0.101395
2 0.161057 0.615289 0.109861 0.130734
0 0.943551 0.645638 0.0905856 0.0902906
0 0.859781 0.640411 0.0838831 0.0681996
0 0.253136 0.569226 0.106713 0.0762526
2 0.885759 0.492294 0.119632 0.108946
0 0.869602 0.58314 0.0933304 0.0700499
3 0.978691 0.951754 0.0427236 0.0963496
3 0.0491397 0.424947 0.098634 0.113469
