0 0.403094 0.228826 0.111713 0.133466
1 0.59345 0.800811 0.142046 0.148679
1 0.682475 0.57673 0.112208 0.116678
2 0.419445 0.606258 0.115244 0.135144
2 0.567633 0.580133 0.122029 0.121962
2 0.421176 0.341342 0.100365 0.105895
0 0.326414 0.340082 0.128594 0.107792
3 0.493043 0.637293 0.103194 0.128761
0 0.205934 0.321077 0.122842 0.129483
1 0.283653 0.231132 0.131365 0.114923
0 0.293761 0.419313 0.10208 0.101563
1 0.63685 0.674192 0.134847 0.140998
2 0.197138 0.21223 0.0804019 0.0961608
2 0.353969 0.165827 0.0944863 0.0987653
1 0.693202 0.719645 0.100212 0.121375
2 0.497716 0.807622 0.092868 0.130917
2 0.130096 0.309624 0.0839134 0.11103
2 0.599963 0.527443 0.0745447 0.0663865
0 0.184488 0.0371345 0.0857125 0.0744006
0 0.931745 0.971519 0.135711 0.0568039
0 0.905202 0.956245 0.117276 0.0868255
2 0.445009 0.757262 0.135622 0.142608
0 0.684553 0.800333 0.0488783 0.0468002
1 0.0468856 0.0232876 0.0935161 0.046644
2 0.451513 0.256265 0.0382447 0.0675745
2 0.0976629 0.0598852 0.0505991 0.065154
1 0.036503 0.0494855 0.0726674 0.0951138
2 0.640213 0.527539 0.0199902 0.0229472
