0 0.752014 0.467486 0.0851249 0.104448
0 0.253085 0.401366 0.0962037 0.117065
1 0.335022 0.304155 0.1276 0.134069
1 0.176611 0.344369 0.12362 0.123444
0 0.690454 0.363461 0.115267 0.122369
0 0.599965 0.406377 0.11133 0.11727
0 0.589994 0.621588 0.12044 0.127455
3 0.915408 0.694152 0.0985079 0.101876
1 0.360692 0.222274 0.103807 0.0917925
1 0.675057 0.477284 0.127321 0.109506
0 0.562449 0.505912 0.113752 0.127836
0 0.477478 0.495023 0.0793481 0.0954614
0 0.0302171 0.0962434 0.0602628 0.0822652
2 0.851371 0.749734 0.106669 0.112211
3 0.20757 0.212059 0.0941377 0.0918516
0 0.914133 0.59626 0.126905 0.109423
1 0.56507 0.362656 0.0986464 0.0866606
2 0.203566 0.143958 0.116858 0.112224
0 0.964803 0.567634 0.0704243 0.123024
0 0.684144 0.567362 0.116798 0.100146
1 0.858749 0.550193 0.0925455 0.0688814
0 0.0277106 0.0201154 0.0542353 0.0398928
3 0.00903076 0.0409117 0.0182159 0.0817928
3 0.975036 0.677354 0.0499494 0.101967
0 0.950243 0.5208 0.07356 0.0408923
3 0.952416 0.77864 0.0949695 0.113558
