2 0.389278 0.725347 0.17711 0.156956
2 0.670098 0.520068 0.126039 0.139857
1 0.413757 0.537887 0.160832 0.162328
2 0.555407 0.519894 0.135138 0.148326
2 0.536292 0.649532 0.160462 0.130146
1 0.546965 0.767673 0.164719 0.137453
2 0.33689 0.628399 0.139221 0.115318
2 0.648219 0.705673 0.098445 0.0841655
2 0.5594 0.430492 0.122776 0.0883842
2 0.932185 0.447918 0.136004 0.225423
2 0.852694 0.504956 0.0452546 0.077028
2 0.933443 0.345358 0.132868 0.155597
3 0.359519 0.786356 0.137162 0.0978479
2 0.0510924 0.0382521 0.102263 0.0765965
0 0.0606886 0.990785 0.111322 0.0184942
3 0.2221 0.0251348 0.104145 0.0502418
