0 0.58354 0.644311 0.191946 0.176028
1 0.431972 0.524656 0.180082 0.1878
1 0.603462 0.459917 0.195617 0.190535
0 0.443159 0.676965 0.125085 0.134264
1 0.529133 0.241896 0.172051 0.173307
2 0.72612 0.576551 0.162668 0.144312
2 0.607055 0.347268 0.135909 0.0775013
2 0.733568 0.663614 0.121161 0.0796688
1 0.346719 0.50974 0.123731 0.168713
2 0.476276 0.387263 0.139115 0.150064
2 0.72807 0.259512 0.0811926 0.14798
2 0.377469 0.368684 0.131635 0.122395
3 0.751923 0.47782 0.12285 0.0986673
2 0.632387 0.265618 0.0649953 0.11553
0 0.60962 0.965397 0.219084 0.0691558
1 0.41248 0.964012 0.186516 0.0720038
1 0.427233 0.202849 0.111842 0.122938
