3 0.45975 0.7037 0.144871 0.170865
0 0.187978 0.576475 0.171942 0.163815
0 0.37765 0.365576 0.126377 0.132807
3 0.468077 0.459555 0.146272 0.159729
0 0.0589457 0.547342 0.117097 0.131553
1 0.317618 0.480433 0.123441 0.151247
0 0.0906598 0.430559 0.0946809 0.107926
0 0.230789 0.396954 0.117967 0.0658569
0 0.0232456 0.444656 0.0464752 0.113292
0 0.0323535 0.384755 0.0646937 0.0686731
0 0.229042 0.689939 0.145092 0.140205
0 0.486541 0.397932 0.0990792 0.0619117
2 0.641227 0.653884 0.146042 0.164015
0 0.011969 0.577887 0.0239247 0.114022
0 0.0117803 0.56865 0.0237184 0.132697
2 0.612541 0.654863 0.200969 0.159123
