0 0.253201 0.840885 0.133784 0.131557
0 0.365786 0.874063 0.130342 0.125474
0 0.274549 0.712467 0.124503 0.119595
0 0.523534 0.835027 0.114705 0.110587
0 0.580409 0.290923 0.101541 0.117099
1 0.418554 0.395794 0.0843454 0.0773642
0 0.563881 0.422014 0.0997157 0.0876042
0 0.474495 0.93452 0.122198 0.13057
0 0.525255 0.718999 0.124018 0.125257
0 0.627154 0.352462 0.0875441 0.0974216
0 0.483511 0.280947 0.101423 0.103464
2 0.658878 0.199686 0.0719707 0.0760264
2 0.609118 0.0573654 0.0733968 0.0786079
0 0.656336 0.420968 0.0847781 0.073332
0 0.305742 0.945979 0.105144 0.108253
0 0.498711 0.365826 0.0886752 0.0980089
0 0.725282 0.175515 0.0674521 0.0800908
1 0.422354 0.310998 0.0823122 0.0991542
0 0.713561 0.09427 0.0729552 0.0573973
0 0.595617 0.828663 0.0907528 0.104783
1 0.469914 0.447252 0.0946604 0.091992
1 0.631704 0.467704 0.0856407 0.0848572
0 0.713473 0.0440122 0.0576041 0.0502698
2 0.528178 0.167953 0.072338 0.0603231
0 0.686065 0.13702 0.0858002 0.0732604
0 0.398053 0.456954 0.0487936 0.0648534
1 0.587994 0.497771 0.0879573 0.0740796
2 0.525098 0.506127 0.0388181 0.0803824
2 0.520533 0.131315 0.0671043 0.0546654
2 0.441116 0.470364 0.0565258 0.0646569
1 0.335112 0.71038 0.0664624 0.0970351
2 0.571288 0.201689 0.0317347 0.0603258
2 0.673208 0.0927617 0.0253827 0.0254685
2 0.556638 0.518413 0.0361603 0.0328633
0 0.678214 0.0678697 0.0302846 0.0305477
0 0.606953 0.00390134 0.0748527 0.00829436
2 0.49453 0.499568 0.0280393 0.0338852
