3 0.524517 0.543838 0.139221 0.146532
2 0.663506 0.341666 0.162645 0.19959
2 0.808085 0.897792 0.218659 0.204393
1 0.611727 0.684566 0.133692 0.147104
3 0.28186 0.273407 0.129606 0.123598
2 0.335557 0.544451 0.198303 0.172016
2 0.403121 0.691401 0.152596 0.181109
2 0.553924 0.146215 0.153777 0.146427
2 0.305962 0.728445 0.115535 0.128386
1 0.422734 0.441323 0.192712 0.166209
2 0.354457 0.0610129 0.151106 0.122389
2 0.215183 0.0528478 0.137916 0.105604
2 0.486503 0.240072 0.131951 0.109884
2 0.457979 0.0767299 0.0985384 0.152727
2 0.745023 0.4285 0.117374 0.113835
2 0.51079 0.369027 0.164014 0.180049
1 0.269905 0.623836 0.132565 0.109517
3 0.391148 0.176695 0.130996 0.116337
2 0.5444 0.0461013 0.107378 0.0923112
1 0.654128 0.95433 0.214903 0.0912222
2 0.395501 0.339337 0.0967129 0.0850538
2 0.200609 0.171276 0.075087 0.109533
2 0.568753 0.303133 0.0720663 0.0674946
2 0.679918 0.50971 0.179128 0.161074
2 0.915332 0.984563 0.167254 0.0308656
3 0.446833 0.95433 0.195513 0.0913792
2 0.573329 0.251196 0.0660647 0.0480966
2 0.074758 0.0119745 0.14643 0.0243752
2 0.474958 0.00644071 0.109261 0.0131782
2 0.494289 0.00759416 0.0650048 0.0155179
