0 0.335909 0.575044 0.185995 0.176509
2 0.733982 0.560407 0.180967 0.146471
3 0.481862 0.601478 0.132818 0.133833
2 0.894846 0.118986 0.14449 0.128643
0 0.830003 0.330729 0.0966994 0.0885391
1 0.829606 0.0605749 0.14793 0.121526
1 0.58401 0.0857414 0.106615 0.132671
0 0.684591 0.0813957 0.119735 0.148957
1 0.837025 0.231671 0.132708 0.123574
2 0.588081 0.759079 0.123209 0.11749
0 0.622757 0.209886 0.117767 0.126012
1 0.43051 0.372981 0.16191 0.176107
2 0.728022 0.288252 0.112078 0.119745
1 0.63355 0.647473 0.186908 0.165588
0 0.482687 0.496073 0.104335 0.085154
1 0.300727 0.443075 0.173287 0.13417
1 0.187722 0.946031 0.191823 0.108158
1 0.587515 0.399674 0.157666 0.145407
2 0.740904 0.0338867 0.117636 0.0674481
2 0.760973 0.159122 0.118442 0.112607
3 0.585799 0.509081 0.124019 0.139704
2 0.961448 0.0292245 0.077155 0.0586555
1 0.0884558 0.84745 0.17662 0.191798
3 0.486716 0.715432 0.143392 0.145937
0 0.884053 0.0252218 0.0891925 0.0500067
3 0.349755 0.980657 0.130964 0.0387987
1 0.919758 0.216119 0.0583875 0.0874852
2 0.654617 0.0162452 0.0988586 0.0319916
3 0.0458919 0.946038 0.0919083 0.107892
1 0.86477 0.0250653 0.124337 0.0497472
