2 0.529394 0.584358 0.0791075 0.101663
2 0.387194 0.5637 0.0899914 0.0818117
2 0.494495 0.522444 0.0843527 0.0906011
2 0.728222 0.363817 0.0868451 0.0900324
2 0.408708 0.646623 0.0749706 0.0780856
2 0.463081 0.674774 0.0879241 0.0898805
3 0.119183 0.920006 0.0794501 0.0808021
2 0.64567 0.358534 0.0778921 0.0692918
1 0.448773 0.589969 0.0816727 0.0911742
2 0.799541 0.371774 0.0749889 0.0668912
3 0.687227 0.312073 0.0752557 0.0746646
3 0.878512 0.308614 0.0686702 0.0608202
3 0.324384 0.960047 0.0879859 0.0798844
3 0.95223 0.280048 0.0825208 0.0710729
3 0.778456 0.291679 0.0827705 0.0744671
3 0.853479 0.256396 0.0716029 0.0603072
