2 0.495041 0.674569 0.106509 0.122041
1 0.269268 0.942886 0.156 0.114203
1 0.263139 0.679665 0.120802 0.0919793
1 0.386079 0.663887 0.115988 0.131344
0 0.61309 0.462251 0.093036 0.104036
2 0.344381 0.806427 0.121438 0.135805
2 0.419979 0.895608 0.117151 0.128452
2 0.562767 0.775636 0.132545 0.116237
2 0.446029 0.750608 0.117903 0.107537
0 0.765832 0.283269 0.0833579 0.0753486
1 0.240493 0.753712 0.141876 0.108672
0 0.760492 0.356029 0.0803875 0.0673429
2 0.596447 0.282578 0.0714738 0.0630986
1 0.682284 0.520394 0.106875 0.0889609
1 0.526835 0.426892 0.0976916 0.0947091
2 0.590664 0.55513 0.0881164 0.0918262
0 0.5216 0.516605 0.0980685 0.0871095
2 0.696626 0.37915 0.0644669 0.0664781
2 0.48427 0.848831 0.107283 0.107579
2 0.466101 0.549112 0.0824185 0.0820184
2 0.680014 0.438118 0.0779485 0.0829327
2 0.449142 0.513555 0.0631352 0.0563514
1 0.602158 0.392829 0.0783134 0.068466
2 0.553708 0.619221 0.0630653 0.082428
2 0.610668 0.611477 0.0557532 0.0398617
2 0.650386 0.254446 0.0561201 0.0534241
2 0.528664 0.870384 0.0847064 0.0814681
2 0.743185 0.396876 0.0461817 0.0349441
2 0.654892 0.20734 0.0524325 0.0464531
1 0.599428 0.340773 0.0545888 0.0532446
0 0.760664 0.169832 0.053937 0.0494044
2 0.658125 0.57745 0.0766483 0.0640835
0 0.0449787 0.975438 0.0895868 0.0490401
2 0.46175 0.606851 0.0520306 0.0479767
2 0.650369 0.403726 0.0195322 0.020564
2 0.711003 0.480308 0.04085 0.0353785
