0 0.464061 0.488468 0.181123 0.173631
0 0.317705 0.773991 0.210306 0.214969
0 0.347123 0.475492 0.10198 0.137099
0 0.564767 0.461102 0.0886559 0.105248
0 0.62013 0.636637 0.149125 0.0684479
0 0.429075 0.283457 0.080208 0.083472
0 0.518648 0.384711 0.0685103 0.0624055
0 0.458702 0.339985 0.0740196 0.0669701
0 0.526661 0.312849 0.0709168 0.0815396
0 0.379455 0.331892 0.0639605 0.0603988
0 0.585026 0.377947 0.0632375 0.0736529
0 0.40443 0.384473 0.0692277 0.0679806
0 0.621525 0.541165 0.120542 0.0509154
0 0.485436 0.285767 0.0374979 0.0405132
0 0.0433927 0.981229 0.0769365 0.0372035
0 0.0289502 0.939299 0.0579297 0.0774014
0 0.575554 0.31595 0.0284805 0.0482814
0 0.594818 0.310334 0.0312648 0.0489989
0 0.572879 0.350385 0.04023 0.0270935
