0 0.0610784 0.595047 0.0881925 0.0958243
0 0.137877 0.504826 0.108069 0.0883492
2 0.727527 0.39691 0.115024 0.104903
2 0.692713 0.300782 0.111311 0.0984961
1 0.647809 0.473489 0.11241 0.107318
1 0.122556 0.681159 0.116993 0.101308
0 0.643469 0.361193 0.119366 0.115659
0 0.129641 0.577945 0.1066 0.110385
0 0.598974 0.521572 0.0992538 0.0922714
2 0.736413 0.483866 0.0931081 0.0893605
0 0.485332 0.400563 0.0800096 0.0982376
0 0.300332 0.633442 0.0986491 0.10069
0 0.228453 0.698904 0.107372 0.103522
0 0.183452 0.758329 0.0983421 0.106545
0 0.546671 0.342471 0.0900588 0.0937402
0 0.227121 0.543312 0.0919384 0.0705783
0 0.21931 0.605292 0.0927365 0.0851674
1 0.456275 0.335501 0.0785349 0.0795502
1 0.516176 0.298645 0.0797985 0.0963936
0 0.599743 0.278529 0.0883387 0.0907734
0 0.902719 0.155729 0.115111 0.114827
0 0.51746 0.492176 0.0786886 0.0660351
1 0.552231 0.436924 0.115108 0.112345
0 0.893945 0.0893411 0.111662 0.0860113
2 0.636054 0.247764 0.0709241 0.0640646
0 0.270215 0.529938 0.0646063 0.0725169
0 0.265167 0.72347 0.0524742 0.0675803
0 0.0661778 0.657957 0.0425295 0.0376312
3 0.945783 0.032449 0.0902415 0.0648805
2 0.969891 0.254456 0.0600803 0.0876537
3 0.949194 0.212051 0.0973941 0.0741342
1 0.987798 0.0481827 0.0242377 0.0949829
0 0.340923 0.601457 0.0333934 0.054652
0 0.0823633 0.536735 0.0247458 0.0240016
1 0.537773 0.252178 0.0615952 0.030356
0 0.828885 0.111045 0.0394617 0.0683165
2 0.90705 0.0416744 0.0281236 0.0215235
2 0.990647 0.00582964 0.0183176 0.0124947
2 0.9956 0.246399 0.00931534 0.0901997
