0 0.846787 0.502488 0.0929139 0.0935337
1 0.475261 0.491303 0.104689 0.109787
1 0.345069 0.630409 0.0948728 0.0984424
1 0.536362 0.579431 0.110983 0.103483
1 0.177794 0.632913 0.100932 0.0896248
1 0.517345 0.434042 0.0872774 0.100418
1 0.419272 0.526235 0.090109 0.0865915
2 0.492721 0.628185 0.0814197 0.0786686
1 0.251091 0.596012 0.0913812 0.0896782
1 0.330313 0.560963 0.0785698 0.072992
3 0.891875 0.455518 0.0912089 0.0833621
2 0.926697 0.396706 0.113275 0.083884
1 0.302376 0.752482 0.0748345 0.0696555
0 0.555686 0.655298 0.0670769 0.0754288
1 0.792568 0.37446 0.0841119 0.0883155
1 0.571585 0.451491 0.0540278 0.0877719
0 0.292685 0.703134 0.0861039 0.0662405
2 0.953563 0.359302 0.0925502 0.0768824
1 0.198037 0.571596 0.044366 0.0382776
1 0.351189 0.702384 0.0449824 0.0567049
0 0.857625 0.333458 0.105837 0.104401
1 0.750035 0.400458 0.0473893 0.0556313
1 0.295578 0.541851 0.0426569 0.0343566
1 0.25234 0.551235 0.0663235 0.0252367
3 0.545978 0.506769 0.0442258 0.0528616
1 0.381626 0.577986 0.0392627 0.0184702
