0 0.386698 0.735262 0.178876 0.142176
3 0.381862 0.515698 0.135751 0.126153
0 0.724711 0.692719 0.154453 0.146109
0 0.234275 0.449081 0.175985 0.180675
3 0.538696 0.485082 0.129611 0.119733
2 0.237869 0.685055 0.159517 0.164513
2 0.265272 0.808658 0.121813 0.100793
2 0.692227 0.557439 0.16084 0.135926
0 0.859536 0.559038 0.15284 0.114833
3 0.973072 0.565981 0.0536534 0.124807
3 0.827296 0.595854 0.157148 0.136795
3 0.693594 0.7701 0.144959 0.135635
0 0.72684 0.33169 0.106808 0.0474632
0 0.111693 0.71243 0.0841823 0.0534707
2 0.73817 0.425814 0.166006 0.177364
3 0.923969 0.479349 0.140349 0.11799
3 0.0781844 0.807877 0.148292 0.162469
0 0.340179 0.801998 0.0738032 0.0645333
3 0.115163 0.578381 0.127311 0.0853334
