1 0.441698 0.815887 0.151896 0.151011
1 0.573191 0.762269 0.131842 0.145487
1 0.573097 0.18048 0.142509 0.159765
2 0.456291 0.367443 0.131277 0.130695
2 0.665719 0.250732 0.140146 0.12254
0 0.579424 0.442434 0.123691 0.126222
2 0.644747 0.369153 0.12721 0.121532
2 0.367112 0.644527 0.147876 0.127597
0 0.448484 0.14405 0.123742 0.0881413
0 0.358422 0.314675 0.104634 0.13161
3 0.240074 0.930709 0.115191 0.119806
2 0.320331 0.795193 0.13478 0.145712
0 0.441691 0.24154 0.155565 0.156426
1 0.2583 0.694154 0.123789 0.128266
1 0.332439 0.238173 0.0802181 0.0836787
2 0.513907 0.468862 0.0423133 0.11179
2 0.447538 0.464381 0.0155803 0.0374192
2 0.686194 0.0256572 0.0784735 0.0507937
