3 0.722305 0.687011 0.155681 0.159661
1 0.820728 0.599642 0.162626 0.16672
0 0.655499 0.454111 0.130774 0.122612
0 0.387738 0.554726 0.114369 0.132812
0 0.295478 0.506585 0.125537 0.140601
0 0.39539 0.410765 0.120195 0.128595
0 0.427755 0.316357 0.119852 0.11614
1 0.267319 0.383223 0.104659 0.117501
3 0.566483 0.640519 0.155666 0.150147
1 0.782548 0.465084 0.132349 0.124941
0 0.327278 0.589916 0.0626606 0.0527884
1 0.191502 0.490236 0.116056 0.132327
1 0.208443 0.359142 0.110646 0.125476
0 0.361762 0.332767 0.0288152 0.0658128
