2 0.522418 0.527779 0.11151 0.118063
2 0.452198 0.460137 0.126286 0.109401
3 0.34708 0.507671 0.12269 0.127369
2 0.322117 0.375668 0.144033 0.13537
2 0.431593 0.346023 0.11515 0.134583
3 0.494812 0.598721 0.1172 0.109295
2 0.719152 0.818064 0.10812 0.0979892
2 0.3587 0.278103 0.0915863 0.0879436
2 0.723652 0.893836 0.0876297 0.099722
0 0.700355 0.982431 0.112865 0.0350356
3 0.599874 0.594741 0.0917095 0.110811
2 0.289874 0.317374 0.10592 0.102451
2 0.571669 0.725969 0.127027 0.113888
2 0.626321 0.908939 0.0941957 0.0938336
2 0.809853 0.955666 0.136714 0.088689
2 0.221604 0.371966 0.0614896 0.0500138
1 0.81091 0.871068 0.0946381 0.0926272
2 0.395337 0.423986 0.041776 0.0357804
2 0.607988 0.533178 0.0627725 0.0314612
3 0.659314 0.699657 0.138175 0.122803
2 0.454899 0.692188 0.126792 0.0939725
