2 0.653944 0.682521 0.156696 0.153409
0 0.812049 0.39883 0.161403 0.155256
0 0.523172 0.71412 0.131232 0.133795
0 0.667118 0.537234 0.143699 0.139903
1 0.615727 0.309768 0.133032 0.133807
0 0.474076 0.626589 0.152751 0.153516
0 0.605185 0.430788 0.153974 0.115845
3 0.462923 0.432958 0.128577 0.137774
0 0.799397 0.541151 0.128891 0.144624
1 0.42308 0.555349 0.14373 0.116494
2 0.754678 0.299458 0.135851 0.134642
3 0.541695 0.503393 0.131653 0.135483
3 0.259004 0.666571 0.0994347 0.106653
2 0.148566 0.685946 0.157172 0.146242
3 0.258831 0.834969 0.101057 0.12669
1 0.954226 0.185346 0.0913669 0.110205
3 0.144826 0.768645 0.0925976 0.0524688
3 0.895516 0.40918 0.0578984 0.0794551
1 0.986175 0.0609882 0.0276066 0.119363
