2 0.238337 0.504572 0.16521 0.13362
1 0.642712 0.295191 0.148944 0.133447
0 0.622447 0.720644 0.158056 0.179533
1 0.521648 0.564787 0.165475 0.174481
1 0.633632 0.431819 0.181208 0.181259
1 0.4703 0.67069 0.170795 0.157344
1 0.65988 0.588183 0.133324 0.13941
1 0.397708 0.32754 0.141922 0.162318
1 0.755134 0.44601 0.137356 0.149948
1 0.740837 0.329153 0.0734198 0.0937092
1 0.336057 0.309945 0.0846933 0.138935
0 0.43778 0.464006 0.144268 0.142682
2 0.521544 0.341452 0.104203 0.148702
3 0.259284 0.401755 0.125221 0.0902583
1 0.0143256 0.472378 0.0287404 0.0864224
