0 0.541698 0.613352 0.158123 0.196552
0 0.740478 0.562458 0.130026 0.121871
1 0.643063 0.448279 0.195427 0.157607
3 0.919958 0.508548 0.158814 0.201757
1 0.385681 0.614694 0.159057 0.182862
0 0.662196 0.602004 0.135402 0.162241
0 0.641577 0.720591 0.13065 0.104686
0 0.561288 0.346633 0.165152 0.165646
3 0.852947 0.348357 0.200447 0.169133
1 0.436165 0.464576 0.186112 0.160914
2 0.428626 0.366663 0.110893 0.0693497
0 0.326261 0.530729 0.104519 0.132869
0 0.482814 0.687911 0.0744917 0.0736084
0 0.346364 0.416453 0.055778 0.0969258
0 0.685414 0.379853 0.101427 0.0561615
3 0.950222 0.160218 0.099532 0.194649
1 0.00978471 0.224026 0.0194023 0.130855
