0 0.441783 0.390692 0.11455 0.113754
3 0.551131 0.888147 0.113998 0.137269
2 0.355277 0.445696 0.116669 0.113261
1 0.420986 0.641196 0.139549 0.13316
2 0.397044 0.295975 0.102065 0.123814
0 0.550556 0.672061 0.118817 0.108647
0 0.59125 0.381468 0.113448 0.106012
2 0.59828 0.601765 0.115415 0.107746
1 0.332083 0.361137 0.101285 0.0890689
0 0.471331 0.251944 0.091092 0.0780752
0 0.506843 0.311735 0.117007 0.118505
3 0.639045 0.806697 0.121442 0.125531
0 0.53777 0.508388 0.0919807 0.0783226
1 0.522173 0.45138 0.098657 0.109688
3 0.448884 0.900683 0.102353 0.128529
0 0.378171 0.504493 0.106457 0.0900514
2 0.574667 0.301725 0.0347209 0.0620794
2 0.318563 0.502765 0.0301611 0.05229
