3 0.247991 0.310699 0.115281 0.107183
2 0.420635 0.381116 0.107308 0.128534
3 0.140912 0.532881 0.094528 0.129959
3 0.20716 0.435308 0.119703 0.0805767
2 0.676318 0.530273 0.10221 0.109701
2 0.473978 0.581615 0.120699 0.103087
3 0.656988 0.665391 0.0978927 0.106842
2 0.476762 0.481343 0.0989481 0.101168
3 0.726069 0.610517 0.0972667 0.0949849
3 0.401669 0.522258 0.0986306 0.0936979
2 0.612322 0.489703 0.0871914 0.0938997
3 0.0437721 0.239727 0.0876418 0.090924
3 0.696074 0.438047 0.0905176 0.102976
3 0.868555 0.639465 0.0978261 0.0968726
2 0.425857 0.61747 0.0955169 0.0991979
2 0.75236 0.6546 0.0951573 0.0802196
2 0.661794 0.711951 0.0808926 0.0531344
2 0.608564 0.58296 0.11042 0.0951383
3 0.771873 0.510099 0.105844 0.106594
2 0.328599 0.576901 0.095228 0.0863071
3 0.910327 0.738965 0.0973409 0.113393
3 0.823711 0.749606 0.0840592 0.111261
3 0.95662 0.63051 0.0866601 0.0960751
