0 0.54117 0.432403 0.165378 0.174161
3 0.202026 0.922474 0.145428 0.155394
1 0.792275 0.422751 0.119152 0.128073
2 0.368393 0.426184 0.115481 0.122911
1 0.585432 0.565718 0.130648 0.146402
2 0.28126 0.511704 0.117894 0.121172
2 0.555592 0.695682 0.130735 0.128266
0 0.80335 0.26707 0.121432 0.127848
1 0.897541 0.220346 0.107006 0.127679
0 0.71173 0.326224 0.127124 0.120286
3 0.259394 0.758245 0.163732 0.159974
0 0.911822 0.433806 0.119954 0.11979
1 0.712079 0.220742 0.116626 0.113761
2 0.406734 0.533916 0.153235 0.124865
1 0.879181 0.3436 0.136016 0.122661
1 0.66709 0.523453 0.109624 0.110863
2 0.460787 0.459648 0.0878562 0.124085
3 0.0649925 0.935922 0.13018 0.127857
3 0.387401 0.658756 0.147228 0.126111
0 0.865201 0.125327 0.0949088 0.0854036
3 0.0876341 0.793517 0.162731 0.153828
2 0.448364 0.400099 0.0459847 0.0479109
2 0.436075 0.766957 0.150417 0.155913
1 0.315117 0.618977 0.122696 0.121806
2 0.0150054 0.874199 0.03017 0.142027
