1 0.799142 0.210364 0.135458 0.139044
1 0.509449 0.575137 0.141609 0.152921
1 0.580699 0.44051 0.132904 0.148052
0 0.410428 0.318803 0.0947371 0.130447
1 0.82006 0.407209 0.119249 0.126115
0 0.424281 0.471563 0.153366 0.129812
0 0.489049 0.346497 0.126923 0.157675
1 0.541601 0.650552 0.122959 0.104427
1 0.407949 0.594458 0.0995116 0.117784
1 0.888775 0.435694 0.119644 0.127788
1 0.632161 0.554544 0.137148 0.128501
1 0.706394 0.266483 0.108761 0.119865
2 0.751106 0.435222 0.0949944 0.124801
2 0.663965 0.432402 0.0824801 0.120186
2 0.374023 0.427819 0.106131 0.0874664
2 0.914295 0.1827 0.0940435 0.0836467
2 0.569408 0.325361 0.0802718 0.0961283
2 0.648923 0.329128 0.0925089 0.0927488
3 0.926439 0.0805531 0.110436 0.0919394
2 0.682621 0.208856 0.0972625 0.0917701
2 0.370043 0.376348 0.076924 0.0506473
1 0.975847 0.268218 0.0482307 0.104491
1 0.907688 0.32906 0.123683 0.103162
