3 0.451508 0.638378 0.134774 0.126791
2 0.617954 0.250606 0.111063 0.112665
3 0.503892 0.542841 0.105414 0.105835
2 0.291159 0.583677 0.132737 0.120454
2 0.514473 0.430689 0.115481 0.111857
2 0.553114 0.715661 0.156178 0.148945
2 0.660666 0.41703 0.11645 0.11752
2 0.650161 0.511758 0.120563 0.115003
2 0.705437 0.335221 0.126838 0.116854
2 0.775953 0.232794 0.0827354 0.0800924
2 0.59279 0.329299 0.0989634 0.111176
2 0.737121 0.432477 0.0932034 0.0958864
2 0.873077 0.23537 0.0956705 0.0850487
1 0.502635 0.291331 0.127206 0.13107
2 0.898791 0.0615801 0.0762527 0.0675647
2 0.258422 0.692536 0.0751513 0.0974657
2 0.539369 0.814366 0.1024 0.0938929
2 0.895918 0.142515 0.103166 0.100817
2 0.652938 0.0829909 0.0924549 0.0884254
2 0.675247 0.167452 0.0890699 0.109599
3 0.401675 0.548432 0.108909 0.125017
2 0.454044 0.354002 0.100743 0.0923842
1 0.42679 0.785051 0.141787 0.160614
2 0.811926 0.0222756 0.0927845 0.044797
0 0.917525 0.00606422 0.0789552 0.0121301
2 0.979068 0.00759317 0.041778 0.0150807
2 0.548961 0.245104 0.0297077 0.0323617
2 0.653079 0.0282272 0.0630099 0.0451394
2 0.938882 0.0319099 0.0563712 0.0628805
2 0.754104 0.00497929 0.0682516 0.0104576
