2 0.607467 0.736332 0.171291 0.169982
1 0.411319 0.564787 0.184296 0.188074
1 0.662217 0.596271 0.209979 0.195517
1 0.54279 0.469008 0.151194 0.157956
1 0.520341 0.348347 0.151849 0.141686
1 0.0738838 0.524865 0.148114 0.133604
1 0.889516 0.589297 0.115256 0.0807326
0 0.0753267 0.682153 0.150611 0.218464
1 0.674848 0.462009 0.13021 0.111604
1 0.407982 0.43782 0.130993 0.0994887
0 0.131568 0.74388 0.103036 0.115524
2 0.961656 0.337569 0.0766225 0.121068
1 0.962601 0.66523 0.074788 0.157434
1 0.0476677 0.858871 0.0955302 0.157992
1 0.089039 0.859398 0.0587086 0.11626
1 0.635906 0.408814 0.103061 0.051767
1 0.052207 0.439722 0.0809468 0.0537576
1 0.0120307 0.455489 0.0239893 0.147589
1 0.164133 0.668537 0.0259254 0.0406573
1 0.699512 0.700578 0.0442998 0.035199
