3 0.351053 0.364533 0.140228 0.136596
3 0.482845 0.347686 0.1243 0.140545
3 0.443457 0.471281 0.1354 0.132274
3 0.367479 0.542244 0.137902 0.139683
3 0.544932 0.594195 0.0868641 0.116159
3 0.581464 0.473305 0.145581 0.129457
2 0.767079 0.524197 0.15998 0.150354
3 0.441884 0.581634 0.0883647 0.0898151
3 0.315531 0.444666 0.137729 0.110348
2 0.628918 0.596663 0.154417 0.142087
2 0.742925 0.327676 0.132928 0.132191
2 0.593436 0.374737 0.116801 0.114323
2 0.657733 0.683466 0.0991036 0.12448
2 0.804858 0.432237 0.106894 0.0911625
2 0.700154 0.401365 0.144624 0.156957
2 0.965362 0.474645 0.0693365 0.062834
3 0.296863 0.549276 0.0322937 0.0868763
2 0.663231 0.334793 0.0304432 0.0363443
2 0.986113 0.591657 0.02801 0.0759967
