0 0.284114 0.558887 0.196776 0.175791
3 0.461526 0.608029 0.212171 0.166136
2 0.657371 0.625374 0.19363 0.201846
0 0.150441 0.679185 0.174337 0.20863
0 0.484782 0.696152 0.167442 0.120119
2 0.659166 0.409649 0.18839 0.211067
2 0.879048 0.352732 0.164052 0.169879
3 0.496273 0.421912 0.152115 0.182894
2 0.818027 0.545732 0.112221 0.101888
0 0.20047 0.747968 0.112854 0.141001
2 0.71737 0.546462 0.0669199 0.0983672
2 0.821587 0.614821 0.0617589 0.0475333
0 0.935855 0.742969 0.12832 0.186527
2 0.952883 0.434882 0.0943369 0.172846
2 0.790186 0.989558 0.172906 0.0206866
