2 0.452247 0.725331 0.130605 0.128908
2 0.780361 0.387056 0.130162 0.134238
2 0.562739 0.675598 0.141424 0.145897
3 0.435142 0.625774 0.130668 0.133242
2 0.768069 0.253924 0.127692 0.133759
3 0.246727 0.923631 0.105863 0.106714
1 0.35644 0.506892 0.149672 0.148664
1 0.49531 0.499183 0.129249 0.151139
2 0.0802384 0.785051 0.107536 0.123302
2 0.807803 0.14357 0.0671992 0.0957784
1 0.65318 0.267275 0.113864 0.127213
1 0.721602 0.143729 0.133447 0.136782
1 0.431446 0.416128 0.110817 0.122416
2 0.872622 0.302302 0.110592 0.0977501
3 0.652209 0.630381 0.13854 0.117307
1 0.324823 0.606929 0.122211 0.115282
1 0.937595 0.26735 0.124673 0.111994
1 0.0349244 0.80528 0.0699835 0.112629
2 0.912203 0.0355457 0.105749 0.0714457
3 0.029951 0.925208 0.0598573 0.131815
3 0.885141 0.386169 0.086717 0.0928495
2 0.503696 0.402407 0.0488269 0.0518998
0 0.801219 0.443312 0.0770927 0.0491895
3 0.14291 0.992152 0.125922 0.0158087
2 0.572864 0.750963 0.0943249 0.0405951
0 0.994163 0.0775915 0.0119048 0.0957794
3 0.973903 0.0151467 0.051956 0.0304083
3 0.0420092 0.986276 0.0834904 0.0272634
