1 0.67906 0.785527 0.105336 0.120428
1 0.564327 0.630814 0.0971139 0.0921502
1 0.500414 0.525369 0.0952425 0.0823287
1 0.705446 0.697191 0.10377 0.0882733
0 0.46633 0.442695 0.0908807 0.0962868
1 0.491188 0.781405 0.100984 0.107422
2 0.461942 0.283995 0.0688402 0.0801833
0 0.64861 0.625669 0.0896201 0.0902489
1 0.418515 0.566085 0.093212 0.0853709
2 0.29377 0.261418 0.0777463 0.0757672
2 0.33603 0.31837 0.0794112 0.0732045
0 0.348916 0.374835 0.0674207 0.0666606
1 0.554642 0.447742 0.0899746 0.0925583
1 0.393581 0.485207 0.0893499 0.0957708
2 0.421005 0.413373 0.0613236 0.0687557
0 0.578743 0.811701 0.106135 0.110317
1 0.727231 0.651647 0.0747543 0.077461
1 0.405134 0.288913 0.0692551 0.0864977
1 0.556872 0.717589 0.117925 0.103676
1 0.276801 0.33768 0.0765109 0.0740755
1 0.466394 0.594033 0.0776363 0.0708696
2 0.363037 0.230398 0.0766722 0.0740572
2 0.438024 0.216896 0.0732333 0.0711592
1 0.363681 0.568528 0.0552407 0.0840279
1 0.591394 0.517786 0.0899224 0.0978448
1 0.585713 0.879202 0.100331 0.0835935
1 0.58248 0.426873 0.0796606 0.0828939
2 0.517452 0.844856 0.0388339 0.0454581
1 0.349183 0.4825 0.037544 0.0800957
1 0.479883 0.715897 0.0513394 0.0530827
2 0.633992 0.58866 0.0856914 0.055844
1 0.563369 0.566893 0.0624139 0.0510201
0 0.438874 0.346147 0.0502775 0.0513588
1 0.265991 0.274035 0.0399001 0.0563015
