2 0.366339 0.554675 0.1376 0.150839
0 0.457759 0.157968 0.147357 0.145881
2 0.524284 0.841256 0.15369 0.174289
2 0.578791 0.147671 0.110793 0.118324
2 0.702215 0.667598 0.134421 0.138383
1 0.668438 0.806737 0.162229 0.161286
1 0.565505 0.35384 0.125441 0.118888
3 0.465288 0.707146 0.139045 0.142529
0 0.257591 0.312242 0.0821217 0.125067
2 0.571631 0.583097 0.137503 0.146741
1 0.338673 0.186261 0.133152 0.139715
2 0.284257 0.660363 0.139064 0.117443
0 0.35961 0.821632 0.129658 0.117046
0 0.603049 0.694537 0.139789 0.142658
0 0.33964 0.410912 0.0919221 0.088991
1 0.55715 0.247575 0.131249 0.105535
1 0.386108 0.383948 0.101908 0.124055
2 0.440956 0.279891 0.125807 0.104024
0 0.500343 0.0384589 0.0954577 0.0769966
0 0.419352 0.846865 0.0772728 0.140172
2 0.623017 0.255524 0.0411577 0.0835676
0 0.35392 0.0196516 0.0814856 0.0392429
0 0.323741 0.752966 0.151988 0.139941
1 0.315399 0.308724 0.13488 0.12045
3 0.307382 0.968671 0.151354 0.0628901
0 0.445172 0.0852721 0.0918209 0.0416057
