2 0.193135 0.577412 0.142937 0.133757
3 0.504397 0.652488 0.177948 0.169325
2 0.262156 0.694223 0.131103 0.130363
2 0.49196 0.481131 0.168426 0.171112
2 0.234262 0.461081 0.0984909 0.120595
2 0.381988 0.660959 0.113538 0.139653
2 0.568232 0.715996 0.113503 0.120907
2 0.628722 0.557837 0.195339 0.177165
2 0.759319 0.518232 0.184174 0.175344
2 0.696775 0.680136 0.142187 0.146538
1 0.640074 0.427934 0.147245 0.106261
2 0.777828 0.716084 0.135795 0.142935
1 0.331807 0.464034 0.113244 0.121068
2 0.315789 0.590257 0.139511 0.136994
3 0.923209 0.749754 0.153519 0.208444
2 0.450529 0.584837 0.0948941 0.0867722
2 0.80622 0.477882 0.117447 0.119265
2 0.416969 0.456266 0.0596623 0.108332
2 0.841778 0.682537 0.0401392 0.042311
