0 0.626344 0.680771 0.177587 0.164402
0 0.569323 0.484557 0.152235 0.160487
1 0.438133 0.637992 0.151799 0.127654
0 0.637436 0.543077 0.150737 0.119925
0 0.348452 0.781787 0.129064 0.106511
0 0.298204 0.547598 0.127672 0.0880433
0 0.0624497 0.444249 0.124903 0.227482
0 0.398958 0.500825 0.146043 0.162353
0 0.350516 0.705638 0.12102 0.123569
0 0.344434 0.452554 0.102621 0.101537
1 0.48418 0.493023 0.0583483 0.117505
0 0.0611332 0.867233 0.122336 0.216124
0 0.438027 0.723353 0.0538524 0.0525117
0 0.986864 0.970262 0.0263213 0.059473
