3 0.811065 0.413686 0.123049 0.150473
1 0.613194 0.512464 0.113206 0.108444
1 0.52946 0.341015 0.115731 0.117457
1 0.592689 0.41457 0.120183 0.106289
3 0.851059 0.665623 0.123356 0.131323
2 0.544293 0.602671 0.102986 0.110002
2 0.35146 0.511698 0.082523 0.0841239
1 0.513621 0.493432 0.0995015 0.112078
2 0.311852 0.44266 0.0740733 0.0814484
2 0.683685 0.441755 0.0954503 0.0728941
2 0.400092 0.567347 0.0672322 0.0768875
2 0.321108 0.577875 0.085471 0.074067
2 0.942873 0.607314 0.11408 0.129014
1 0.488686 0.420348 0.0885312 0.0766709
2 0.407489 0.61747 0.0694278 0.0388329
3 0.469335 0.580947 0.0960345 0.0772002
3 0.925451 0.497688 0.121182 0.112961
2 0.272524 0.506924 0.0820705 0.0744338
2 0.605585 0.647426 0.0928847 0.0821613
3 0.772053 0.52957 0.12871 0.106528
2 0.444378 0.417888 0.0607277 0.0787917
1 0.642692 0.5768 0.105016 0.0994337
0 0.33019 0.62749 0.0790334 0.0620895
1 0.440803 0.499771 0.0818141 0.0927016
2 0.39413 0.431492 0.0576187 0.0628881
2 0.347735 0.42257 0.0454806 0.0429624
3 0.729412 0.595907 0.117487 0.100364
3 0.845838 0.329214 0.117228 0.130303
3 0.978627 0.465333 0.0423003 0.0896169
