2 0.591839 0.82576 0.181906 0.190177
0 0.517104 0.40849 0.137704 0.161687
2 0.499151 0.649178 0.149211 0.18134
2 0.709399 0.523 0.173028 0.164887
2 0.78236 0.762651 0.164091 0.146012
0 0.936997 0.720129 0.12614 0.201331
3 0.904534 0.903166 0.188927 0.193554
0 0.481128 0.521874 0.126741 0.133159
1 0.658736 0.213884 0.158205 0.120655
1 0.4807 0.257471 0.175166 0.159735
2 0.866722 0.614007 0.192398 0.214119
0 0.92119 0.526616 0.101882 0.0847604
2 0.258807 0.161374 0.0827011 0.113801
0 0.690453 0.410669 0.154087 0.112942
2 0.299604 0.0538158 0.123721 0.107279
1 0.748726 0.902959 0.171409 0.194827
1 0.640212 0.317811 0.174869 0.146491
1 0.651128 0.651236 0.208588 0.221181
0 0.378725 0.386547 0.159129 0.162961
2 0.517031 0.187091 0.134114 0.119772
3 0.342624 0.150832 0.0991797 0.108981
1 0.366369 0.0111494 0.119447 0.0224406
2 0.742186 0.320755 0.0493243 0.0904248
2 0.401206 0.0703176 0.0797966 0.0986869
2 0.501889 0.0113945 0.109418 0.0222005
1 0.484573 0.054581 0.0928281 0.0873977
