3 0.417486 0.27648 0.132106 0.118819
3 0.512633 0.368155 0.101871 0.120032
2 0.488197 0.662153 0.0946756 0.108707
3 0.5296 0.736903 0.106561 0.0955584
2 0.537863 0.258666 0.116416 0.133959
2 0.612338 0.357532 0.117493 0.122767
1 0.323163 0.758461 0.111007 0.108779
2 0.429876 0.760551 0.121657 0.107799
2 0.384024 0.852367 0.106154 0.11831
1 0.391228 0.669094 0.112817 0.107691
1 0.290927 0.665107 0.103659 0.100276
2 0.411153 0.401402 0.127702 0.118177
3 0.570598 0.801669 0.103383 0.0887945
2 0.602011 0.0442757 0.109807 0.0885654
2 0.480323 0.817369 0.0948909 0.0861445
2 0.359195 0.392859 0.0626358 0.103384
2 0.438917 0.0132606 0.0938324 0.0265467
3 0.539033 0.0219484 0.102104 0.0439888
3 0.29358 0.959279 0.0950778 0.0816676
2 0.288774 0.816704 0.0407541 0.024728
2 0.411436 0.476909 0.0386594 0.0360512
