1 0.476271 0.78656 0.177297 0.178096
1 0.416109 0.434551 0.187556 0.212087
1 0.243401 0.426942 0.171542 0.16252
1 0.264065 0.274621 0.169953 0.150774
1 0.531692 0.182731 0.180109 0.219078
1 0.634557 0.263231 0.183452 0.154082
1 0.629259 0.867018 0.160754 0.203892
2 0.0475689 0.0578232 0.095337 0.115639
1 0.39361 0.170144 0.0505345 0.148622
2 0.318801 0.488099 0.0649977 0.0605888
1 0.454382 0.0723449 0.0162507 0.0240135
1 0.968321 0.981905 0.0633263 0.0361527
1 0.473047 0.106209 0.0449367 0.0585596
1 0.483936 0.0864871 0.025158 0.021228
1 0.41283 0.0750678 0.0144339 0.0226394
