2 0.576631 0.508368 0.158966 0.120773
1 0.292417 0.62219 0.176102 0.152716
2 0.266553 0.514077 0.119428 0.100889
1 0.73807 0.124797 0.134801 0.119424
2 0.467213 0.187907 0.0965795 0.0978178
1 0.551381 0.165851 0.110799 0.128947
0 0.637286 0.0819583 0.124086 0.141776
0 0.486076 0.642347 0.133017 0.156762
2 0.462639 0.718511 0.121952 0.124735
2 0.555528 0.0419639 0.114895 0.084091
2 0.648447 0.283474 0.0932486 0.123792
1 0.385074 0.498699 0.155301 0.156509
2 0.274524 0.699787 0.130817 0.0685702
2 0.451958 0.0320937 0.0992543 0.064458
2 0.478363 0.09564 0.103302 0.0914303
2 0.706315 0.259397 0.0776627 0.0963677
2 0.492118 0.284375 0.0469284 0.0864169
2 0.559496 0.633809 0.0652817 0.112764
1 0.750704 0.0381231 0.104854 0.0765359
2 0.45216 0.234169 0.0747824 0.0461746
2 0.655295 0.20421 0.0653588 0.039712
1 0.474937 0.758703 0.105567 0.0883784
0 0.725551 0.00689654 0.0814612 0.0136007
0 0.367127 0.985486 0.110854 0.0288424
2 0.516036 0.499746 0.0590083 0.0873759
