3 0.415792 0.82588 0.133125 0.12076
3 0.518465 0.873901 0.113666 0.141202
3 0.549039 0.698111 0.124028 0.118658
2 0.573478 0.546777 0.110738 0.103369
1 0.436514 0.579145 0.115183 0.105501
2 0.602143 0.444189 0.123131 0.120312
0 0.369754 0.588179 0.0660731 0.0757807
0 0.358468 0.50192 0.113673 0.0953824
2 0.544834 0.384517 0.10949 0.109506
2 0.411822 0.35086 0.0869159 0.096115
2 0.33999 0.320699 0.102972 0.0988081
2 0.383309 0.25736 0.0862198 0.0909194
2 0.456647 0.273846 0.0882017 0.102635
2 0.506924 0.336272 0.0926523 0.0859084
2 0.675836 0.819544 0.132973 0.151938
3 0.734339 0.758855 0.13693 0.11001
1 0.49334 0.486041 0.11528 0.118826
3 0.457731 0.689681 0.0931755 0.114274
2 0.389494 0.432745 0.048417 0.0736589
3 0.652651 0.555556 0.0802784 0.0908525
1 0.445506 0.447878 0.0991191 0.117327
2 0.57788 0.620551 0.055764 0.0564222
2 0.540667 0.274986 0.0823555 0.0882264
2 0.587953 0.352169 0.0625949 0.065186
2 0.340191 0.405543 0.0850803 0.0757553
2 0.636793 0.469849 0.0693846 0.0873962
