3 0.30273 0.545864 0.143064 0.143379
2 0.388186 0.776046 0.133974 0.148563
1 0.435063 0.501998 0.140614 0.147963
1 0.559217 0.535172 0.136515 0.129536
1 0.628331 0.0720557 0.123262 0.117572
1 0.406797 0.319091 0.122729 0.121812
3 0.296049 0.685345 0.14575 0.13374
2 0.804711 0.0528978 0.104927 0.105772
3 0.500864 0.756103 0.108727 0.127396
3 0.368398 0.413545 0.132544 0.117665
0 0.70723 0.143085 0.121901 0.120503
2 0.253256 0.609883 0.0768602 0.0803139
3 0.688588 0.403486 0.141559 0.116071
1 0.759293 0.043935 0.123281 0.0880869
1 0.533318 0.629942 0.149246 0.133311
1 0.521704 0.0669187 0.114121 0.125005
0 0.633193 0.510364 0.096854 0.118813
3 0.59873 0.700451 0.125016 0.113809
0 0.554039 0.132995 0.0827818 0.0582962
1 0.639957 0.184149 0.0577928 0.0879804
2 0.535902 0.00769281 0.0882042 0.0154681
1 0.707332 0.144076 0.121643 0.122165
