3 0.471243 0.771384 0.126849 0.153616
2 0.64674 0.393679 0.152209 0.159037
3 0.366769 0.76117 0.107955 0.119925
1 0.55309 0.278233 0.145815 0.164168
1 0.574769 0.70132 0.138085 0.14471
1 0.496198 0.395382 0.139616 0.144651
1 0.618508 0.530447 0.143138 0.130113
1 0.391296 0.3481 0.127972 0.126007
0 0.530404 0.617528 0.141216 0.141162
0 0.395665 0.650505 0.119757 0.107107
0 0.424989 0.27518 0.123164 0.109797
0 0.671887 0.29667 0.102438 0.0995198
1 0.358044 0.197224 0.0959309 0.109386
0 0.419995 0.612232 0.0927409 0.0882882
3 0.00891726 0.713702 0.0179582 0.198328
