2 0.273535 0.465557 0.175948 0.178204
0 0.505434 0.687086 0.174971 0.173807
0 0.493856 0.488174 0.189739 0.174997
0 0.39141 0.739147 0.143934 0.186641
0 0.614681 0.437837 0.15071 0.166917
2 0.422249 0.41436 0.148843 0.17789
2 0.289352 0.634038 0.166852 0.143897
0 0.69595 0.647077 0.132722 0.122192
3 0.709217 0.521944 0.135149 0.119229
2 0.624179 0.589505 0.157359 0.135074
0 0.628807 0.7385 0.143603 0.157372
2 0.41364 0.155985 0.0778002 0.114818
2 0.342347 0.123978 0.105422 0.110785
2 0.514715 0.158946 0.0409548 0.0894918
2 0.505828 0.0815487 0.0358411 0.0853398
1 0.323104 0.0384154 0.124535 0.0766532
