3 0.47509 0.54266 0.130873 0.151804
0 0.379416 0.438934 0.178251 0.156616
3 0.0579466 0.763835 0.115425 0.11096
0 0.521612 0.35824 0.166098 0.181898
0 0.676942 0.667278 0.157393 0.157561
1 0.610698 0.475751 0.188584 0.149376
0 0.581169 0.794421 0.153571 0.175713
0 0.534988 0.659912 0.152675 0.15882
2 0.133831 0.783222 0.0854932 0.101317
2 0.0734868 0.660931 0.0605408 0.0627185
1 0.142368 0.638647 0.0975933 0.0723956
1 0.721445 0.593119 0.0775983 0.0367606
1 0.412308 0.685974 0.099098 0.0867335
3 0.0369135 0.851219 0.073702 0.117875
0 0.442276 0.743825 0.137385 0.149573
2 0.175494 0.73715 0.0758577 0.0658839
1 0.67543 0.767304 0.0695711 0.0561591
3 0.37605 0.524909 0.0666339 0.0444923
