2 0.220766 0.610246 0.175809 0.143829
3 0.594141 0.537954 0.105926 0.111154
2 0.346579 0.690898 0.146765 0.171073
2 0.393414 0.428469 0.138449 0.117993
2 0.681343 0.582885 0.102972 0.107791
0 0.136968 0.430412 0.147831 0.136582
0 0.705249 0.37719 0.119254 0.116781
0 0.656511 0.455958 0.12039 0.102974
2 0.264282 0.739519 0.121884 0.142907
0 0.561053 0.446695 0.0804902 0.073711
3 0.750043 0.496951 0.123308 0.0975982
2 0.287062 0.497274 0.119054 0.115478
0 0.266063 0.374832 0.144027 0.138036
3 0.453024 0.617744 0.112793 0.10421
2 0.601269 0.359392 0.117366 0.108531
3 0.203103 0.493298 0.101852 0.116435
0 0.51983 0.371945 0.0921893 0.103279
3 0.0243407 0.429386 0.048662 0.153794
0 0.766525 0.409833 0.0933945 0.0947562
1 0.915356 0.356506 0.0964064 0.091311
