0 0.663981 0.587251 0.162683 0.163465
0 0.505281 0.43625 0.165859 0.167128
2 0.523714 0.575039 0.124156 0.122578
1 0.400265 0.538204 0.136723 0.133707
0 0.506946 0.68191 0.115978 0.125974
1 0.417 0.652993 0.114095 0.120136
1 0.526078 0.257913 0.112095 0.1104
3 0.291736 0.176144 0.102489 0.111429
1 0.581514 0.368199 0.107224 0.119289
2 0.636042 0.455358 0.103631 0.107133
0 0.51562 0.16817 0.11121 0.0846182
1 0.36986 0.218136 0.101773 0.109717
0 0.358726 0.319709 0.103693 0.0968664
0 0.262668 0.0584895 0.0872665 0.0874507
0 0.38685 0.0320048 0.0914461 0.0640206
0 0.668108 0.676998 0.0625415 0.0293276
0 0.309824 0.0166217 0.105401 0.03338
0 0.702494 0.508792 0.0929942 0.0954588
