0 0.48377 0.68471 0.160261 0.186547
0 0.353048 0.436768 0.183049 0.184486
0 0.584605 0.323694 0.15628 0.161092
0 0.652166 0.516489 0.148858 0.145542
0 0.346682 0.631988 0.168241 0.163867
0 0.637661 0.64418 0.168805 0.16467
0 0.517697 0.464225 0.164592 0.165358
0 0.0538437 0.0603201 0.107655 0.120103
0 0.771987 0.935441 0.101466 0.128471
1 0.115893 0.0396463 0.176712 0.0795214
0 0.704739 0.989627 0.120396 0.0207618
0 0.326429 0.532276 0.137691 0.0933979
1 0.693475 0.410302 0.135426 0.109576
1 0.254508 0.0291215 0.0857594 0.0585532
3 0.979957 0.936103 0.0400151 0.111492
