1 0.498952 0.360791 0.103669 0.118349
0 0.578718 0.800127 0.113142 0.121027
1 0.576958 0.283853 0.122635 0.124338
0 0.494254 0.212081 0.104364 0.127137
0 0.444861 0.645701 0.116493 0.129933
0 0.418618 0.799219 0.095597 0.110532
0 0.410936 0.426995 0.0932532 0.101399
1 0.533909 0.0441391 0.100888 0.0885091
0 0.481099 0.762194 0.111707 0.128873
0 0.352161 0.353186 0.0963001 0.0801214
0 0.541202 0.621588 0.105447 0.123059
0 0.641358 0.673572 0.120279 0.120731
3 0.366944 0.623753 0.0739445 0.0880824
1 0.608024 0.337549 0.100815 0.0835098
2 0.357946 0.281047 0.0840468 0.0783081
1 0.548766 0.393626 0.0746363 0.0941339
0 0.386556 0.715438 0.0934885 0.0938718
3 0.432236 0.337191 0.0676878 0.0659637
0 0.413895 0.0202832 0.113443 0.0405761
0 0.344674 0.723203 0.047773 0.0733747
1 0.333086 0.0196302 0.0778042 0.0394848
1 0.374871 0.389563 0.0770735 0.0666974
3 0.430615 0.251827 0.0869507 0.0855599
2 0.448954 0.990052 0.0668578 0.0195603
3 0.618355 0.748747 0.087529 0.0716343
