3 0.519638 0.379319 0.0916206 0.0903179
1 0.403084 0.615041 0.0998798 0.116904
2 0.44512 0.798062 0.0941251 0.127148
2 0.598938 0.415777 0.0953347 0.09577
2 0.305579 0.757556 0.092738 0.110668
1 0.375239 0.730284 0.101374 0.120301
2 0.558921 0.2951 0.0814303 0.105601
2 0.464613 0.294141 0.104962 0.0968167
2 0.308819 0.650199 0.11009 0.105582
1 0.428435 0.352135 0.0940785 0.0878614
3 0.577535 0.668728 0.124135 0.088512
2 0.307157 0.596667 0.102201 0.0540236
2 0.524906 0.747208 0.114611 0.100301
3 0.290015 0.956623 0.114499 0.0867174
2 0.72089 0.135055 0.0817325 0.0662406
2 0.195668 0.968361 0.0921634 0.0632079
2 0.531256 0.069918 0.0601264 0.0578576
2 0.554121 0.0372154 0.072862 0.0741523
2 0.694176 0.0789429 0.0350098 0.0549595
2 0.594497 0.101923 0.0803218 0.0885596
2 0.578335 0.741509 0.0339381 0.0579605
2 0.462099 0.422027 0.0465192 0.0749244
3 0.640562 0.33459 0.105942 0.0893416
3 0.692861 0.0237104 0.0836213 0.0475245
3 0.615621 0.0280886 0.0543042 0.0564713
3 0.134129 0.99464 0.127517 0.0107952
