0 0.109484 0.500587 0.155332 0.116015
0 0.214542 0.42055 0.121124 0.134261
2 0.864519 0.561694 0.124626 0.103701
2 0.766086 0.57113 0.120063 0.112647
0 0.218507 0.583825 0.115008 0.145928
1 0.761508 0.453962 0.106675 0.123062
1 0.669838 0.494624 0.11399 0.112683
2 0.277128 0.499505 0.104569 0.0949302
2 0.683176 0.367866 0.113148 0.110547
3 0.621405 0.431384 0.102087 0.0604143
2 0.865228 0.442803 0.116389 0.121815
2 0.308369 0.575369 0.0803464 0.0841491
2 0.969085 0.520109 0.0619428 0.0523958
0 0.668437 0.555526 0.0826059 0.0425875
2 0.114671 0.434756 0.095443 0.0597428
2 0.825916 0.395136 0.0909662 0.0548449
2 0.238822 0.651043 0.0928807 0.0733981
1 0.893455 0.487447 0.0892718 0.0683449
3 0.979141 0.43097 0.0417581 0.044706
0 0.0152655 0.605927 0.030856 0.0738909
2 0.626367 0.0191229 0.0633216 0.0382745
