0 0.37041 0.417263 0.110343 0.115116
1 0.59601 0.919447 0.140963 0.161167
1 0.905964 0.0708165 0.174932 0.141844
1 0.125886 0.883757 0.135564 0.127908
0 0.286649 0.758025 0.142967 0.116992
2 0.961216 0.32023 0.077543 0.149441
2 0.0834005 0.701282 0.137759 0.12205
2 0.216342 0.583503 0.0842951 0.105662
0 0.580356 0.656368 0.108034 0.126884
0 0.678574 0.524451 0.141095 0.126238
0 0.476603 0.539087 0.104878 0.0979337
0 0.555038 0.369963 0.12102 0.10793
0 0.408248 0.489824 0.101111 0.105333
2 0.1344 0.597973 0.107083 0.113327
0 0.471241 0.435776 0.112173 0.108085
0 0.387955 0.595252 0.125144 0.110054
1 0.496229 0.630158 0.107689 0.123483
2 0.246445 0.860258 0.111562 0.120509
2 0.0507809 0.60068 0.0780483 0.0858944
2 0.943838 0.158876 0.112378 0.182963
2 0.125062 0.782155 0.0973656 0.0909814
0 0.587512 0.550084 0.129001 0.102529
2 0.202069 0.688553 0.104599 0.10276
0 0.357243 0.548973 0.0558728 0.0496487
2 0.439538 0.322176 0.107848 0.137735
1 0.96334 0.0301349 0.0728109 0.0601999
2 0.0591161 0.797011 0.0796234 0.0791534
2 0.0290931 0.692636 0.0582029 0.117287
0 0.630906 0.611971 0.0242857 0.0513867
