0 0.303308 0.45748 0.172518 0.181135
1 0.644818 0.504662 0.15732 0.160082
0 0.106483 0.532988 0.179246 0.16127
0 0.597669 0.262319 0.171098 0.141114
0 0.443738 0.197519 0.144387 0.165086
0 0.825671 0.119273 0.125143 0.141427
0 0.274615 0.82047 0.16451 0.189957
0 0.356109 0.749347 0.183947 0.19615
0 0.365674 0.320726 0.140572 0.123128
0 0.40234 0.579531 0.18894 0.179837
0 0.949864 0.093009 0.100293 0.133497
0 0.208963 0.741164 0.103143 0.128703
0 0.460132 0.51826 0.151076 0.151524
2 0.541679 0.502373 0.0890085 0.126039
1 0.687134 0.425624 0.111844 0.100825
0 0.456134 0.372733 0.0832693 0.0799702
2 0.201959 0.501692 0.0627447 0.0698955
1 0.937805 0.0148773 0.124647 0.0297099
0 0.821447 0.00926677 0.116259 0.018365
3 0.69213 0.0621668 0.113642 0.0884384
