0 0.456215 0.742738 0.207294 0.223829
1 0.441382 0.391382 0.154364 0.154283
1 0.591738 0.525188 0.123469 0.135459
2 0.83029 0.770091 0.134269 0.144309
1 0.44078 0.545766 0.197372 0.198802
3 0.286133 0.767471 0.163875 0.192841
3 0.701933 0.815685 0.154354 0.153686
2 0.592548 0.767417 0.0915802 0.0875952
1 0.353705 0.42274 0.0617905 0.134921
0 0.0403978 0.62453 0.0801342 0.144475
0 0.326845 0.640952 0.112995 0.058259
3 0.857736 0.905146 0.153193 0.14865
0 0.0272953 0.597521 0.0544939 0.157758
0 0.0156673 0.424229 0.0313251 0.175874
0 0.0412245 0.417913 0.0502069 0.110523
2 0.0386872 0.283953 0.0774759 0.153473
2 0.909697 0.854919 0.0557199 0.0502701
1 0.6247 0.586253 0.0397192 0.0404964
