2 0.37173 0.209753 0.150374 0.142028
2 0.64656 0.359515 0.144277 0.12751
3 0.516891 0.172329 0.114714 0.145115
2 0.536574 0.420148 0.11667 0.131734
3 0.596436 0.578014 0.146786 0.128969
0 0.403152 0.710857 0.111893 0.135894
2 0.551413 0.289859 0.120535 0.129784
2 0.422037 0.302793 0.139671 0.114838
2 0.598231 0.686186 0.114906 0.103066
3 0.435987 0.52923 0.130936 0.155006
3 0.420018 0.430585 0.119261 0.0944056
2 0.721519 0.0960482 0.0957204 0.113548
2 0.319301 0.314818 0.0778228 0.101568
1 0.596955 0.0437877 0.121935 0.0876783
3 0.503248 0.654303 0.117505 0.13965
3 0.669386 0.242395 0.135287 0.11366
2 0.67815 0.410667 0.0814989 0.0511034
2 0.358548 0.429637 0.0362444 0.089688
0 0.471551 0.061698 0.110205 0.116865
1 0.533813 0.00950709 0.115482 0.019166
3 0.362118 0.336389 0.110135 0.0981889
1 0.703842 0.0288009 0.112648 0.0575638
1 0.33873 0.5997 0.142377 0.129389
