2 0.564234 0.368894 0.127242 0.140996
2 0.326194 0.422117 0.148469 0.121892
2 0.500358 0.469601 0.151177 0.135988
2 0.35751 0.525178 0.130134 0.110712
2 0.441337 0.372993 0.116873 0.140852
3 0.601564 0.550639 0.132196 0.123672
3 0.637532 0.467912 0.114739 0.104599
2 0.320979 0.625828 0.138096 0.13047
2 0.289311 0.523688 0.0549178 0.0907265
1 0.483282 0.665464 0.131008 0.123374
2 0.682565 0.531084 0.0594872 0.0714799
1 0.9432 0.928208 0.113412 0.143335
2 0.384376 0.66986 0.0706965 0.0604096
3 0.745969 0.982148 0.186816 0.0358431
2 0.448591 0.596604 0.133297 0.135495
2 0.2576 0.356491 0.0973558 0.0878273
