3 0.54162 0.580221 0.166092 0.147784
3 0.395878 0.458896 0.169322 0.140215
2 0.669703 0.309017 0.142472 0.151683
2 0.645057 0.603066 0.123788 0.148243
1 0.395066 0.594578 0.132428 0.137188
3 0.694461 0.437469 0.14919 0.143961
1 0.469607 0.327238 0.17916 0.168022
2 0.546957 0.277143 0.127871 0.150378
2 0.496529 0.690709 0.138271 0.173474
0 0.110255 0.410958 0.12907 0.121866
2 0.543801 0.432706 0.173152 0.147965
1 0.753742 0.372936 0.0837672 0.116949
0 0.146581 0.269795 0.0945182 0.115781
2 0.589554 0.708615 0.0968487 0.111919
3 0.224939 0.448999 0.105379 0.0739863
1 0.955083 0.844192 0.0899872 0.206479
1 0.140925 0.526791 0.0801444 0.0583145
3 0.023875 0.442556 0.0477897 0.109263
3 0.0519094 0.287676 0.102454 0.106798
3 0.970127 0.62929 0.0597321 0.185894
3 0.412493 0.673547 0.038833 0.0581473
1 0.976662 0.473365 0.0467981 0.151038
1 0.252838 0.357005 0.10944 0.0580984
3 0.0391659 0.489971 0.0777365 0.091266
3 0.144927 0.475872 0.0928412 0.0793073
