0 0.485157 0.781617 0.0975893 0.115544
1 0.350285 0.317202 0.101921 0.0992488
1 0.414956 0.26912 0.0759968 0.0820927
0 0.532904 0.706731 0.0905179 0.104821
2 0.496053 0.374155 0.0816743 0.0808865
0 0.378781 0.477989 0.0903062 0.0947477
0 0.517351 0.619178 0.0980757 0.0887089
0 0.442451 0.676302 0.102168 0.0941087
0 0.40258 0.383913 0.0887645 0.0961481
0 0.563808 0.771417 0.06869 0.076314
0 0.583278 0.669414 0.0763664 0.0929338
1 0.412431 0.743668 0.0971261 0.0933717
0 0.446701 0.433973 0.0896088 0.0869698
0 0.451669 0.316449 0.0857475 0.0971475
1 0.334614 0.403631 0.0945341 0.0819298
2 0.544463 0.416321 0.0651287 0.0805451
0 0.404773 0.797244 0.0744349 0.0539664
0 0.354192 0.0515443 0.0542154 0.0730963
1 0.422856 0.0306244 0.0863905 0.061305
0 0.376053 0.690745 0.0371099 0.0555303
0 0.655826 0.96804 0.0946103 0.0638406
2 0.265286 0.0270386 0.0663136 0.0542886
1 0.525392 0.346551 0.0573112 0.0574373
2 0.290018 0.125067 0.047859 0.0556527
1 0.328631 0.114727 0.0560541 0.0636909
1 0.524474 0.985093 0.087821 0.0295109
0 0.433557 0.635098 0.0729892 0.0395707
0 0.500562 0.451995 0.0703534 0.0798212
0 0.482072 0.296925 0.0587683 0.0742614
1 0.28754 0.0755664 0.06907 0.0499741
1 0.346196 0.16029 0.0581267 0.0571221
3 0.316623 0.0230941 0.076373 0.0465989
1 0.459354 0.034777 0.0326719 0.0574433
1 0.321999 0.440496 0.0645162 0.0411921
2 0.33088 0.0156285 0.0497185 0.0310598
