1 0.759634 0.485039 0.179957 0.148147
2 0.470535 0.587689 0.145989 0.128026
3 0.946367 0.467631 0.106741 0.113859
0 0.528521 0.472832 0.157768 0.156993
3 0.672653 0.390662 0.158356 0.160906
1 0.539793 0.314033 0.160916 0.158057
2 0.654528 0.282334 0.118853 0.108187
0 0.424163 0.396975 0.152963 0.12518
3 0.858664 0.329126 0.143933 0.0843681
2 0.966721 0.35152 0.0666652 0.0986156
2 0.497957 0.225997 0.112977 0.119243
3 0.714864 0.605334 0.0835373 0.145583
1 0.617769 0.596623 0.148399 0.192001
1 0.896145 0.535152 0.108265 0.0577437
3 0.118802 0.588983 0.200945 0.168692
3 0.0741808 0.753396 0.148226 0.192917
3 0.91081 0.282899 0.087402 0.0841824
2 0.959099 0.238274 0.0815427 0.13214
3 0.871695 0.464551 0.104415 0.0927892
3 0.987264 0.525592 0.0255807 0.141914
