3 0.814199 0.496021 0.11957 0.099864
3 0.544865 0.51909 0.123133 0.0945908
3 0.0965755 0.467415 0.107861 0.102449
3 0.123716 0.598536 0.10099 0.119353
3 0.659027 0.418815 0.097299 0.101353
3 0.530766 0.427993 0.107542 0.098385
3 0.439251 0.498384 0.0973333 0.0982516
3 0.747963 0.414752 0.0896279 0.105438
3 0.0797883 0.361997 0.105917 0.112781
3 0.746224 0.575613 0.0910146 0.0998593
3 0.45557 0.610368 0.0895187 0.126716
3 0.864114 0.557187 0.123298 0.0901028
3 0.160846 0.407977 0.108791 0.095984
3 0.805085 0.402194 0.066486 0.103346
3 0.713263 0.494397 0.079763 0.0765925
3 0.496541 0.400318 0.0775887 0.0820467
3 0.0970063 0.309974 0.0865054 0.0737604
3 0.849677 0.45581 0.0613892 0.0469466
3 0.439143 0.499197 0.0966616 0.0989497
