3 0.775284 0.577768 0.140841 0.135249
3 0.180451 0.530458 0.201178 0.166086
3 0.640269 0.56702 0.135078 0.125843
3 0.135532 0.415692 0.194512 0.140369
3 0.255486 0.371638 0.135348 0.157568
3 0.562273 0.447566 0.121495 0.124488
3 0.858598 0.441764 0.110691 0.119491
3 0.517333 0.665614 0.0896275 0.0839864
3 0.162655 0.667504 0.191927 0.145975
3 0.720654 0.666098 0.0891624 0.0930835
3 0.656305 0.766668 0.088712 0.0741026
3 0.528389 0.572396 0.0940721 0.0371104
3 0.834644 0.0175252 0.149704 0.0350791
3 0.842192 0.829958 0.0885393 0.077255
3 0.916292 0.87596 0.0701607 0.0788691
