3 0.548316 0.899312 0.111151 0.150093
3 0.431258 0.890551 0.127146 0.116863
3 0.591542 0.491899 0.109282 0.0904154
3 0.624428 0.409027 0.114864 0.0937194
3 0.487633 0.514322 0.0994184 0.100743
3 0.496261 0.416258 0.105124 0.0966371
3 0.551919 0.368264 0.0808803 0.101016
3 0.412508 0.422063 0.105429 0.101641
3 0.736139 0.955296 0.148329 0.0891676
3 0.468108 0.980396 0.136356 0.0394144
3 0.638365 0.981112 0.141483 0.0377471
3 0.429858 0.223506 0.0966993 0.0897865
3 0.431588 0.566361 0.0925582 0.0968214
3 0.569345 0.280143 0.0881127 0.0878229
3 0.66448 0.486883 0.0760175 0.0890007
