3 0.396381 0.445082 0.129873 0.123622
3 0.768672 0.280144 0.156583 0.154601
3 0.907773 0.384721 0.162169 0.167698
3 0.290095 0.592618 0.104379 0.0989816
3 0.169278 0.584883 0.111978 0.100462
3 0.51403 0.516553 0.131377 0.120505
3 0.891477 0.547043 0.1477 0.161553
3 0.879401 0.196581 0.133852 0.157945
3 0.506855 0.346027 0.105206 0.136083
3 0.235486 0.460871 0.100324 0.103589
3 0.0571717 0.541669 0.0872138 0.0969767
3 0.937831 0.236228 0.124686 0.148582
3 0.231019 0.647743 0.0785244 0.102009
3 0.151196 0.652919 0.0885846 0.0759071
3 0.956302 0.443379 0.087101 0.161941
3 0.0554044 0.62526 0.0846241 0.0682343
3 0.30443 0.462475 0.078333 0.0932166
3 0.131418 0.0606254 0.123658 0.100132
3 0.568055 0.381575 0.107459 0.0813684
3 0.277521 0.00677829 0.0761366 0.0137137
