3 0.42688 0.40592 0.143321 0.134923
3 0.578168 0.477961 0.149693 0.136982
3 0.933007 0.29738 0.134318 0.122313
3 0.21993 0.5699 0.145161 0.111454
3 0.914515 0.0976862 0.160969 0.179819
3 0.106496 0.532116 0.0991539 0.114596
3 0.303573 0.589299 0.104178 0.102359
3 0.261073 0.457169 0.122062 0.113571
3 0.167388 0.472816 0.0723605 0.0944474
3 0.571491 0.547921 0.136904 0.0927311
3 0.947131 0.370247 0.105745 0.0650227
3 0.0253363 0.818956 0.0505195 0.10339
3 0.673735 0.754361 0.0718548 0.095464
3 0.0484125 0.035012 0.0961863 0.0700315
3 0.165714 0.0441986 0.115251 0.088117
