3 0.730613 0.501244 0.169607 0.157317
3 0.391822 0.375795 0.127068 0.14843
3 0.473274 0.660315 0.154462 0.157848
3 0.382788 0.507803 0.153223 0.16936
3 0.0648563 0.538883 0.129889 0.158222
3 0.16147 0.443292 0.104661 0.161621
3 0.593744 0.49975 0.165329 0.14287
3 0.0808399 0.728603 0.136993 0.145185
3 0.278867 0.497054 0.109712 0.119347
3 0.230543 0.720154 0.111954 0.144114
3 0.226417 0.406497 0.109638 0.138782
3 0.978121 0.750251 0.0437295 0.159263
3 0.71632 0.372437 0.125649 0.12703
3 0.301594 0.598912 0.141587 0.115518
3 0.031356 0.63042 0.0627095 0.0914447
3 0.0786731 0.49078 0.112544 0.114514
