3 0.229205 0.742595 0.146262 0.128234
3 0.536579 0.417495 0.107042 0.149593
3 0.801356 0.417317 0.0999803 0.100628
3 0.391325 0.480198 0.133445 0.106679
3 0.185071 0.636721 0.120393 0.140031
3 0.460117 0.54229 0.0905836 0.0918114
3 0.0599975 0.602999 0.119967 0.156445
3 0.462182 0.643037 0.108648 0.117615
3 0.713466 0.480874 0.103764 0.130159
3 0.75395 0.330326 0.0940332 0.0988876
3 0.682922 0.284594 0.0998415 0.0927138
3 0.159526 0.91539 0.117103 0.169395
3 0.0678654 0.850355 0.135637 0.145332
3 0.534262 0.597512 0.105731 0.0852042
3 0.661338 0.359432 0.121944 0.0905886
3 0.0533724 0.748489 0.106821 0.108461
3 0.809196 0.499815 0.0965034 0.0873246
3 0.0521984 0.938607 0.103668 0.0798768
3 0.0362684 0.659323 0.0729272 0.114257
