3 0.580241 0.306075 0.136025 0.121615
3 0.815725 0.221556 0.12996 0.145792
3 0.577126 0.415085 0.138873 0.117308
3 0.42569 0.303191 0.121309 0.127755
3 0.105937 0.443749 0.127021 0.11471
3 0.0885161 0.368826 0.113759 0.113003
3 0.0801958 0.55046 0.132891 0.117198
3 0.616457 0.495888 0.151726 0.116927
3 0.96233 0.231308 0.0753983 0.142297
3 0.022416 0.468294 0.0448421 0.113221
3 0.090169 0.663474 0.102073 0.116576
3 0.177611 0.574146 0.0861424 0.0793734
3 0.207536 0.439832 0.092879 0.0502595
3 0.522623 0.530146 0.0972086 0.108747
3 0.877334 0.187115 0.0904095 0.133948
3 0.413886 0.242325 0.100975 0.0679483
