3 0.134176 0.33281 0.157413 0.163982
3 0.238164 0.44637 0.148242 0.139066
3 0.258884 0.676243 0.121669 0.160885
3 0.552388 0.318842 0.110212 0.12721
3 0.268585 0.331705 0.109364 0.133721
3 0.46371 0.500964 0.151829 0.117756
3 0.0912006 0.48443 0.169832 0.13763
3 0.0738403 0.59965 0.147581 0.128872
3 0.0548394 0.383621 0.109671 0.144518
3 0.131344 0.668076 0.142408 0.146667
3 0.463842 0.414233 0.131804 0.0749922
3 0.964873 0.346122 0.0703072 0.126783
3 0.00829084 0.488882 0.0159648 0.119538
3 0.976168 0.523808 0.0476794 0.131278
