3 0.54673 0.569312 0.137666 0.115224
3 0.501311 0.413368 0.116233 0.137464
3 0.156244 0.581302 0.138396 0.115123
3 0.947697 0.351899 0.104964 0.140801
3 0.912444 0.653457 0.128563 0.151684
3 0.952013 0.472453 0.096134 0.117412
3 0.224624 0.70287 0.0938485 0.128868
3 0.920971 0.543972 0.109599 0.102469
3 0.788985 0.363438 0.114786 0.131137
3 0.369631 0.498687 0.145888 0.0994339
3 0.338806 0.6288 0.108711 0.0858194
3 0.974257 0.575707 0.0514138 0.0961313
3 0.979922 0.657038 0.0403228 0.0894415
3 0.864094 0.395747 0.124159 0.129356
3 0.886228 0.307296 0.0959138 0.0675334
3 0.29427 0.984522 0.115369 0.0307738
