3 0.63478 0.415214 0.117832 0.108039
3 0.523407 0.446555 0.111587 0.122
3 0.322323 0.849043 0.132723 0.129425
3 0.412962 0.928555 0.122815 0.142903
3 0.605622 0.526531 0.118035 0.131008
3 0.380785 0.72777 0.11394 0.139743
3 0.288404 0.941472 0.132004 0.117272
3 0.464673 0.818693 0.130649 0.122083
3 0.494698 0.344706 0.0960628 0.113743
3 0.765772 0.143905 0.106398 0.124791
3 0.646515 0.116222 0.100269 0.0984149
3 0.225886 0.827314 0.124266 0.118761
3 0.799614 0.0437278 0.111877 0.0874967
3 0.713625 0.0244954 0.113834 0.0491255
