3 0.666317 0.340816 0.167105 0.157446
3 0.525594 0.312133 0.124604 0.155706
3 0.412188 0.379696 0.159713 0.156825
3 0.559237 0.496568 0.164557 0.150293
3 0.378698 0.626233 0.155202 0.120517
3 0.378974 0.522211 0.157307 0.145251
3 0.539669 0.60771 0.140985 0.134017
3 0.483421 0.675973 0.121058 0.136103
3 0.0370231 0.63941 0.0739639 0.146179
3 0.94923 0.354408 0.101578 0.122944
3 0.330367 0.383303 0.0879799 0.128519
3 0.0251197 0.403866 0.0501034 0.152295
3 0.983678 0.388128 0.0327987 0.110814
3 0.885277 0.378281 0.0952101 0.0846415
3 0.964627 0.514574 0.0710235 0.113564
3 0.955924 0.284089 0.0852769 0.0468099
3 0.895768 0.517875 0.0987272 0.0982508
