0 0.28209 0.32652 0.142514 0.147868
0 0.480887 0.282363 0.1502 0.138595
3 0.549831 0.514278 0.12798 0.144258
3 0.59604 0.702944 0.153215 0.149872
0 0.406979 0.247375 0.0949701 0.110808
0 0.415865 0.389026 0.144028 0.156011
0 0.30003 0.222476 0.12669 0.113924
0 0.351511 0.505885 0.104181 0.112228
2 0.16462 0.401694 0.148976 0.129297
2 0.314781 0.459586 0.0960339 0.0979791
2 0.22984 0.528334 0.13709 0.145399
3 0.43225 0.686441 0.15601 0.169678
3 0.656488 0.550868 0.132886 0.119562
2 0.432172 0.686525 0.156491 0.170002
0 0.482478 0.418807 0.0764854 0.11123
