0 0.658162 0.368487 0.185283 0.174344
3 0.68793 0.532133 0.191852 0.154123
2 0.563052 0.249027 0.163114 0.196323
1 0.492574 0.523637 0.207679 0.182986
2 0.485697 0.36607 0.159098 0.142706
2 0.7311 0.349547 0.13253 0.160501
1 0.34965 0.453483 0.197401 0.159959
0 0.488428 0.666323 0.154017 0.13958
2 0.745477 0.40316 0.126229 0.103337
2 0.68414 0.611629 0.124602 0.0550917
2 0.381998 0.578108 0.0842372 0.0960876
2 0.0140408 0.247883 0.0280816 0.121315
2 0.0542407 0.243185 0.107589 0.150124
1 0.0543649 0.243765 0.108061 0.149456
1 0.382082 0.578121 0.0844586 0.0961906
