2 0.765925 0.57091 0.120126 0.113432
2 0.277936 0.499502 0.105914 0.0954354
2 0.864625 0.561883 0.124551 0.103761
2 0.238423 0.650421 0.0930276 0.0750354
2 0.761301 0.454136 0.107565 0.122544
2 0.864973 0.442565 0.11697 0.122183
2 0.683353 0.367637 0.112974 0.110632
2 0.30868 0.575144 0.080534 0.085025
2 0.825321 0.394719 0.0902429 0.0529858
2 0.969492 0.520288 0.0610153 0.0523636
1 0.214503 0.420538 0.121085 0.133863
0 0.0148822 0.603322 0.0297297 0.066871
0 0.109087 0.500331 0.153874 0.116992
2 0.218292 0.584034 0.115085 0.146627
1 0.669221 0.49434 0.113624 0.112891
1 0.218197 0.584009 0.114842 0.146353
2 0.114896 0.433662 0.0942281 0.058161
2 0.667111 0.554038 0.0825992 0.0464078
