0 0.603849 0.468651 0.108475 0.111585
2 0.883713 0.563604 0.0993353 0.105139
0 0.650463 0.559551 0.114568 0.115639
0 0.400009 0.393263 0.10809 0.10933
0 0.314981 0.453934 0.106777 0.106481
0 0.631714 0.374879 0.0960468 0.108341
2 0.47177 0.505793 0.0994847 0.10596
1 0.370517 0.514161 0.109364 0.116381
0 0.52907 0.458285 0.0770934 0.0846094
2 0.709994 0.461972 0.112536 0.0958096
0 0.717264 0.538435 0.0654999 0.0722429
3 0.189565 0.433289 0.0893619 0.090733
0 0.346937 0.604251 0.0662111 0.0888985
0 0.617289 0.617561 0.102782 0.0730847
2 0.871429 0.503964 0.0810776 0.0569418
0 0.553488 0.394137 0.067935 0.0692143
1 0.935816 0.388602 0.0939841 0.091956
2 0.32549 0.378345 0.0587792 0.0591689
2 0.549997 0.551262 0.0938847 0.101524
1 0.862943 0.342244 0.104226 0.107396
1 0.484504 0.377692 0.0998975 0.106279
3 0.957524 0.305533 0.084389 0.0895421
1 0.418966 0.596721 0.106069 0.114595
1 0.396381 0.336263 0.0797762 0.0387432
