0 0.456564 0.742596 0.208981 0.223716
3 0.857826 0.90555 0.154071 0.148607
1 0.441606 0.391536 0.155265 0.154779
1 0.441074 0.546081 0.196949 0.198649
1 0.59183 0.52525 0.123653 0.136004
2 0.830501 0.770003 0.135028 0.144888
0 0.0403671 0.625852 0.0806646 0.14404
3 0.701578 0.815575 0.153163 0.153834
3 0.285272 0.769932 0.16097 0.190527
0 0.026828 0.599194 0.0536559 0.158052
2 0.0383942 0.283728 0.0767821 0.154532
2 0.593143 0.767048 0.0900066 0.088094
0 0.0152446 0.426661 0.0304608 0.172203
0 0.330462 0.642734 0.11958 0.062239
2 0.908303 0.854802 0.0581815 0.0506853
3 0.575048 0.666109 0.164263 0.150433
1 0.353466 0.423012 0.0627595 0.135326
3 0.862635 0.658979 0.117932 0.13498
1 0.0399405 0.415182 0.0513571 0.102787
1 0.623789 0.58701 0.0386398 0.0386765
