0 0.387799 0.735277 0.17817 0.14209
0 0.725271 0.692087 0.154042 0.145421
2 0.692122 0.557245 0.161247 0.135487
0 0.738224 0.426357 0.165662 0.178673
0 0.234321 0.448966 0.176561 0.180842
3 0.0779221 0.807654 0.150447 0.164735
3 0.382331 0.51588 0.135958 0.126256
0 0.85851 0.558771 0.153862 0.113504
3 0.824519 0.596079 0.162678 0.13663
2 0.238211 0.684641 0.159608 0.163944
0 0.112398 0.713317 0.0842212 0.0546594
0 0.333242 0.793886 0.0889557 0.0792632
0 0.726356 0.331742 0.105178 0.0494508
2 0.265552 0.809159 0.121268 0.101525
3 0.973751 0.565879 0.0524986 0.125991
