1 0.52572 0.630272 0.163658 0.161537
1 0.412066 0.530886 0.128069 0.136951
3 0.472395 0.417283 0.135768 0.130882
2 0.550759 0.340225 0.162341 0.136823
2 0.35868 0.609176 0.101782 0.0616423
2 0.425472 0.286908 0.133727 0.170214
3 0.0353578 0.75639 0.070699 0.202805
0 0.58614 0.468289 0.157864 0.139733
3 0.366779 0.412894 0.0930954 0.104065
0 0.668386 0.502663 0.0941853 0.132687
3 0.278524 0.358983 0.11551 0.098384
3 0.0892206 0.907531 0.178051 0.18478
3 0.269255 0.95394 0.182658 0.0921204
3 0.316797 0.459005 0.109432 0.101057
3 0.159636 0.80783 0.178968 0.169474
1 0.5861 0.468336 0.158064 0.139907
3 0.730247 0.330638 0.0890929 0.0935038
1 0.312655 0.535468 0.0683611 0.0548312
3 0.824383 0.334483 0.0910745 0.0798112
