1 0.642946 0.448897 0.194844 0.157241
0 0.542137 0.613578 0.158431 0.197345
0 0.561232 0.346829 0.165482 0.166424
1 0.436379 0.464976 0.186367 0.162211
0 0.641438 0.721674 0.130371 0.101904
0 0.740313 0.561746 0.13 0.12282
3 0.852161 0.349201 0.200143 0.169477
3 0.920405 0.508643 0.158714 0.201929
1 0.385663 0.615149 0.157807 0.182572
0 0.660448 0.601819 0.137904 0.161821
0 0.326255 0.530257 0.103907 0.133342
0 0.483133 0.687101 0.075667 0.0770662
0 0.685061 0.380001 0.100556 0.0565024
2 0.42793 0.365717 0.111297 0.0676509
0 0.346276 0.416673 0.0557002 0.0971178
3 0.950189 0.159742 0.0996049 0.19617
3 0.837741 0.232603 0.177422 0.121859
