0 0.641054 0.673707 0.120867 0.120472
0 0.578586 0.799957 0.113788 0.12121
1 0.577249 0.284442 0.122535 0.125066
0 0.541141 0.621374 0.105865 0.123122
0 0.444378 0.645776 0.116775 0.129693
0 0.494417 0.212106 0.104789 0.126757
2 0.358202 0.28159 0.0848961 0.0778856
0 0.419188 0.799348 0.0966208 0.110767
0 0.481905 0.761987 0.111662 0.127785
0 0.351917 0.353028 0.0966525 0.0804154
0 0.410938 0.425994 0.0937497 0.103186
0 0.386618 0.715141 0.096454 0.0941602
1 0.534047 0.0442139 0.101438 0.0884278
0 0.41465 0.0203993 0.113893 0.0407346
1 0.609027 0.337629 0.100444 0.0841337
3 0.429651 0.251891 0.0871123 0.0846728
0 0.345176 0.724167 0.0480209 0.0727486
3 0.367109 0.624213 0.0737111 0.0877898
1 0.332292 0.0195323 0.0780943 0.039064
0 0.498964 0.360766 0.102664 0.118844
1 0.549173 0.39413 0.0738649 0.0929025
1 0.498918 0.360553 0.102461 0.119001
1 0.499807 0.0823305 0.0334269 0.0480391
3 0.432356 0.337736 0.0685065 0.066336
