2 0.494908 0.522628 0.0835805 0.0911855
2 0.529265 0.584452 0.0792172 0.101891
2 0.463678 0.674538 0.0878162 0.0900088
2 0.645284 0.358223 0.0784155 0.0692201
2 0.728253 0.363708 0.087182 0.0893831
3 0.119603 0.919965 0.0800293 0.0808029
3 0.324871 0.959761 0.0870798 0.0804776
2 0.387175 0.56417 0.0894635 0.0821954
2 0.408922 0.646853 0.0750974 0.0784143
1 0.448971 0.590025 0.0813965 0.0912476
2 0.799991 0.371558 0.0752435 0.0665185
3 0.778915 0.291745 0.08328 0.0746694
3 0.687821 0.312251 0.0756706 0.0761986
3 0.164545 0.973887 0.0387923 0.0522266
