1 0.409442 0.68227 0.197281 0.221417
0 0.466941 0.436665 0.158032 0.174447
0 0.526926 0.731701 0.119967 0.166066
1 0.150941 0.114445 0.127825 0.137164
3 0.338096 0.525162 0.160379 0.12899
1 0.933711 0.953215 0.132579 0.0935709
3 0.911294 0.862818 0.156922 0.147998
1 0.0466818 0.140536 0.0933636 0.146705
1 0.123696 0.258082 0.124338 0.131818
3 0.656313 0.447 0.154022 0.14672
1 0.267823 0.176106 0.118608 0.13302
0 0.263575 0.635313 0.166994 0.188817
3 0.801356 0.979294 0.153729 0.041413
1 0.24966 0.0631039 0.0976121 0.105478
1 0.0417768 0.291476 0.0835537 0.130441
2 0.154222 0.0372085 0.123545 0.0743845
1 0.14968 0.354351 0.106237 0.0860664
2 0.691247 0.553349 0.138768 0.106538
1 0.0495285 0.0601629 0.0907092 0.0971543
3 0.6685 0.606344 0.146087 0.150211
2 0.668576 0.606538 0.146245 0.15019
3 0.578213 0.447949 0.0646341 0.108892
