0 0.294078 0.576288 0.163232 0.161149
0 0.353116 0.722163 0.156317 0.153119
0 0.43445 0.660615 0.194977 0.19117
0 0.327566 0.302841 0.17194 0.208756
3 0.817792 0.580356 0.158514 0.15179
3 0.395517 0.43262 0.183562 0.160191
0 0.683985 0.423875 0.185454 0.156577
0 0.654892 0.293272 0.154457 0.152466
1 0.718258 0.619253 0.11382 0.138718
0 0.846529 0.397175 0.189772 0.153782
1 0.130638 0.504007 0.221692 0.178508
3 0.222474 0.660309 0.142557 0.137238
0 0.130239 0.504101 0.221842 0.178754
0 0.430265 0.550738 0.101409 0.0592755
