2 0.659599 0.409861 0.187868 0.210619
0 0.151118 0.679345 0.173819 0.207117
2 0.657798 0.625172 0.193793 0.202248
0 0.286228 0.559165 0.199981 0.175876
2 0.95296 0.435195 0.0940797 0.171397
2 0.878834 0.353279 0.164859 0.170335
0 0.200116 0.750418 0.11221 0.135286
0 0.484865 0.69697 0.167932 0.118399
3 0.461565 0.607654 0.210431 0.164816
3 0.496685 0.422013 0.152396 0.182354
2 0.817833 0.546241 0.111334 0.100922
0 0.93571 0.743219 0.128343 0.188354
2 0.719047 0.547353 0.0657327 0.0985689
2 0.820005 0.614021 0.0602734 0.0527771
2 0.622452 0.760755 0.143925 0.182433
