2 0.327426 0.303741 0.109877 0.109315
3 0.340277 0.194375 0.108612 0.106941
1 0.734666 0.751707 0.12561 0.132225
0 0.693727 0.865633 0.130636 0.130963
0 0.615077 0.771927 0.128754 0.130798
0 0.489108 0.73368 0.134997 0.136022
1 0.429297 0.568798 0.122214 0.104808
0 0.410741 0.37692 0.0999248 0.108731
0 0.519271 0.18651 0.112978 0.115488
0 0.473822 0.825984 0.0955617 0.0916934
0 0.547933 0.870574 0.126112 0.135879
1 0.420833 0.15759 0.0950269 0.113961
0 0.5276 0.383248 0.0658894 0.0883639
0 0.332903 0.0801185 0.0797874 0.106054
0 0.508822 0.293817 0.0986616 0.113547
2 0.281926 0.245252 0.0831886 0.0871738
0 0.417502 0.286233 0.0878734 0.0974695
0 0.587653 0.291471 0.0975854 0.103028
2 0.442483 0.502913 0.0942474 0.0543903
0 0.586608 0.893934 0.0809743 0.108564
2 0.252362 0.0426078 0.0986557 0.0851903
1 0.578168 0.231089 0.076749 0.0418739
1 0.780341 0.791092 0.084646 0.0958775
1 0.478165 0.667999 0.108527 0.0670032
