1 0.4191 0.602415 0.156707 0.150192
0 0.564516 0.69622 0.175043 0.182393
1 0.544581 0.531177 0.168091 0.147592
2 0.606199 0.0537135 0.126395 0.107393
1 0.36178 0.467957 0.133136 0.137674
0 0.673296 0.507782 0.146678 0.155913
3 0.415171 0.368148 0.123191 0.13789
0 0.291134 0.516063 0.137795 0.134745
2 0.706998 0.0252856 0.129526 0.0505712
1 0.691262 0.663191 0.148491 0.166334
0 0.498039 0.729117 0.0752966 0.107649
2 0.515892 0.0335593 0.137301 0.0671185
3 0.821591 0.0115444 0.118327 0.0230889
3 0.92024 0.0144119 0.122577 0.0288069
3 0.81515 0.0675381 0.12239 0.119731
