0 0.588696 0.549918 0.128468 0.101636
1 0.59584 0.919305 0.140541 0.161084
2 0.0834998 0.700626 0.137601 0.121716
0 0.471778 0.435741 0.11246 0.108162
0 0.555337 0.3704 0.120972 0.108973
0 0.678146 0.524325 0.141095 0.126154
2 0.247233 0.860253 0.111243 0.120795
0 0.579955 0.656584 0.107981 0.12735
2 0.134668 0.599785 0.107096 0.113977
0 0.387801 0.594714 0.126372 0.111671
0 0.476943 0.538699 0.106416 0.0973891
1 0.286907 0.757586 0.144487 0.117716
0 0.407592 0.488943 0.0992581 0.105726
2 0.215992 0.582226 0.0860047 0.10528
2 0.0516215 0.600717 0.0782154 0.0861245
0 0.370528 0.417174 0.110551 0.114793
2 0.202431 0.688565 0.104785 0.102975
2 0.124546 0.781807 0.0981102 0.0899586
1 0.126175 0.883412 0.135823 0.129696
2 0.943776 0.158143 0.112285 0.183624
1 0.496526 0.629821 0.107338 0.123748
2 0.0293188 0.692221 0.0585964 0.116756
2 0.961297 0.317564 0.0774051 0.155794
2 0.439685 0.321178 0.107703 0.134581
1 0.903103 0.0708626 0.167999 0.141265
0 0.357294 0.549693 0.0553294 0.0515991
2 0.0573198 0.797167 0.0744249 0.0804433
2 0.0204529 0.954769 0.0409057 0.0865741
1 0.965078 0.031689 0.069845 0.062989
0 0.0400254 0.875603 0.0701955 0.0897968
0 0.0898937 0.962723 0.101088 0.0745528
0 0.0204162 0.955433 0.0407722 0.086871
