2 0.607951 0.73599 0.170829 0.170909
1 0.0741592 0.52541 0.148293 0.132813
1 0.542719 0.468778 0.150578 0.157966
0 0.0752253 0.682025 0.150192 0.219806
1 0.520281 0.348392 0.152107 0.142419
1 0.674503 0.462094 0.131808 0.112821
1 0.66282 0.59618 0.210145 0.195536
1 0.407592 0.437956 0.131317 0.100079
0 0.0478866 0.856635 0.0957486 0.164822
2 0.961447 0.337193 0.0771069 0.121612
0 0.08627 0.861653 0.0647186 0.117279
1 0.411383 0.565199 0.184246 0.188272
1 0.962591 0.665557 0.0746378 0.157432
0 0.131304 0.742301 0.103443 0.118158
2 0.962634 0.665502 0.0746947 0.156883
1 0.0129978 0.455005 0.0259826 0.155399
2 0.933176 0.705295 0.12142 0.133138
0 0.88955 0.589241 0.114666 0.0812
1 0.889285 0.589229 0.114905 0.0810519
2 0.0130219 0.4538 0.0260438 0.144768
