0 0.523122 0.310046 0.137043 0.11822
0 0.333944 0.356812 0.131207 0.115263
2 0.621012 0.637152 0.145722 0.171
0 0.392802 0.292748 0.126689 0.143967
3 0.686359 0.441335 0.121383 0.138492
1 0.376602 0.469308 0.117952 0.116163
1 0.806687 0.553329 0.141206 0.119842
0 0.479519 0.525477 0.122338 0.116116
0 0.535836 0.430937 0.138399 0.123021
0 0.349202 0.238387 0.0913737 0.0951202
1 0.437612 0.688324 0.127319 0.130403
0 0.603829 0.460146 0.031043 0.0640787
1 0.697974 0.695145 0.114317 0.133003
1 0.54635 0.670812 0.0993275 0.139029
