2 0.430156 0.760678 0.121197 0.108404
1 0.322756 0.758344 0.111803 0.108311
2 0.488292 0.662083 0.0942982 0.109717
3 0.512642 0.367878 0.102448 0.118964
2 0.612513 0.357398 0.11721 0.123473
1 0.390822 0.669027 0.112897 0.107817
3 0.417505 0.276758 0.132507 0.119081
1 0.29077 0.665451 0.102413 0.100604
3 0.529226 0.736733 0.106196 0.0956827
2 0.384364 0.852477 0.105743 0.120062
3 0.29336 0.959719 0.0943589 0.0805616
2 0.536982 0.258397 0.118891 0.134455
2 0.359923 0.393269 0.0651666 0.104418
2 0.411829 0.401281 0.127298 0.117944
2 0.601792 0.0445646 0.109923 0.0889366
3 0.570941 0.801561 0.102443 0.0885101
2 0.437869 0.0133257 0.0960162 0.0266277
2 0.479951 0.816937 0.0957324 0.0862851
3 0.570288 0.702633 0.0794232 0.0828247
2 0.412275 0.47588 0.0373878 0.0349806
2 0.288722 0.816002 0.0386256 0.0253557
2 0.57032 0.70235 0.0794015 0.0824522
