0 0.335794 0.57486 0.185722 0.17739
2 0.734218 0.560054 0.181387 0.147037
2 0.895936 0.119396 0.142208 0.129274
0 0.633637 0.647029 0.186052 0.16482
1 0.587844 0.399653 0.157488 0.145539
2 0.300471 0.442621 0.173693 0.133589
1 0.836795 0.231363 0.133613 0.124114
0 0.829633 0.330433 0.0977222 0.0880449
1 0.583557 0.0854602 0.104789 0.134065
0 0.684479 0.0821948 0.118985 0.15102
2 0.728859 0.287092 0.114667 0.120761
2 0.587652 0.757895 0.123426 0.120322
0 0.431284 0.372553 0.162592 0.176079
0 0.623029 0.210429 0.117983 0.125546
0 0.482035 0.497623 0.0988385 0.086955
1 0.0888048 0.846139 0.176326 0.191562
2 0.761235 0.160194 0.118466 0.111297
2 0.48674 0.716345 0.144174 0.143903
1 0.188141 0.945739 0.192319 0.108522
1 0.828749 0.0606791 0.147597 0.121358
2 0.745908 0.032221 0.109235 0.064442
2 0.585763 0.509413 0.124138 0.139256
2 0.920223 0.215988 0.0579224 0.0865779
3 0.482139 0.601601 0.133997 0.133241
2 0.684771 0.461603 0.0819287 0.127387
2 0.482112 0.601543 0.134119 0.133245
3 0.0462321 0.946476 0.0924196 0.107048
3 0.353407 0.980889 0.125019 0.0382214
2 0.654639 0.0161526 0.0994043 0.0322707
