0 0.188385 0.576437 0.172019 0.163289
1 0.317737 0.478774 0.12438 0.150736
0 0.377681 0.365492 0.126715 0.132234
0 0.229343 0.690347 0.146311 0.139902
3 0.4602 0.703745 0.144268 0.169654
0 0.0913187 0.431526 0.0934497 0.107036
3 0.46744 0.459768 0.1465 0.161006
0 0.0319954 0.384546 0.0639907 0.0691647
2 0.647183 0.654118 0.132693 0.164039
0 0.0228327 0.443503 0.0455922 0.115025
0 0.0591537 0.546938 0.118307 0.133255
0 0.486386 0.396231 0.0984587 0.0606073
0 0.231256 0.397013 0.118156 0.0663971
3 0.561105 0.703649 0.0610115 0.0596722
