2 0.5532 0.715337 0.155921 0.147701
2 0.661258 0.416671 0.117688 0.11778
2 0.513669 0.430116 0.11784 0.111903
2 0.650353 0.512062 0.119736 0.114996
2 0.61811 0.24979 0.110281 0.111886
2 0.593164 0.329344 0.0989252 0.110714
2 0.737608 0.432544 0.0928519 0.0956018
1 0.502651 0.2916 0.126746 0.131302
2 0.872842 0.235082 0.0952063 0.0856966
2 0.897127 0.14317 0.10001 0.101865
2 0.675017 0.166677 0.0895482 0.1034
1 0.426197 0.784654 0.140828 0.15996
2 0.651845 0.0831205 0.090928 0.0877449
2 0.540246 0.814073 0.101492 0.094714
3 0.401936 0.548672 0.10961 0.125816
2 0.652886 0.0273119 0.0609465 0.0460451
2 0.898394 0.0615674 0.0769962 0.0694558
2 0.812899 0.0216446 0.0926176 0.043066
2 0.257826 0.692153 0.0738187 0.0975085
2 0.776793 0.232833 0.0827664 0.0791413
2 0.29181 0.583246 0.133438 0.120753
3 0.451688 0.637972 0.134901 0.126778
1 0.448566 0.468122 0.0895787 0.0991809
2 0.549546 0.245275 0.0304437 0.0338515
2 0.706063 0.334224 0.126014 0.115123
2 0.45487 0.353513 0.101994 0.0936468
3 0.601413 0.588895 0.142566 0.137271
3 0.503628 0.542588 0.105483 0.106148
3 0.803158 0.161831 0.0959741 0.0949527
2 0.942943 0.0314107 0.0487953 0.0628213
