2 0.523739 0.575224 0.123933 0.122278
0 0.505664 0.436581 0.166333 0.167064
0 0.664099 0.586785 0.162681 0.162202
0 0.506955 0.682686 0.115507 0.124459
1 0.369913 0.218523 0.100021 0.111034
1 0.41733 0.653166 0.115009 0.118597
0 0.387226 0.0332522 0.0921218 0.0665044
1 0.525433 0.258146 0.112585 0.111406
0 0.264713 0.0593568 0.0869991 0.0883187
0 0.515237 0.167702 0.110272 0.0833792
3 0.291009 0.176341 0.100513 0.111593
1 0.581491 0.368735 0.106732 0.120183
2 0.636591 0.455239 0.102966 0.106602
0 0.359037 0.320378 0.105281 0.0953204
1 0.401344 0.538208 0.135093 0.13303
0 0.307506 0.0166264 0.0906992 0.0332527
0 0.668714 0.676369 0.0652137 0.0297729
2 0.703133 0.508669 0.0918893 0.0964601
3 0.380818 0.447215 0.0979329 0.0806832
