1 0.432284 0.618508 0.156271 0.149449
2 0.188676 0.668393 0.146095 0.141331
2 0.311865 0.713393 0.136886 0.159337
1 0.489325 0.482307 0.140152 0.120487
3 0.0571307 0.921295 0.114261 0.157248
2 0.63962 0.487397 0.12252 0.0930178
2 0.468462 0.746976 0.160305 0.136809
1 0.681521 0.385409 0.133372 0.134601
2 0.394648 0.844508 0.123528 0.162867
2 0.168312 0.59922 0.134061 0.100111
2 0.27095 0.507385 0.120082 0.109039
2 0.287442 0.81799 0.108582 0.103171
2 0.377058 0.55109 0.0710191 0.0525121
2 0.580298 0.574676 0.121584 0.139399
1 0.468664 0.406702 0.0850143 0.0603565
2 0.563237 0.36765 0.101957 0.14003
1 0.297507 0.577095 0.134346 0.128378
3 0.0314083 0.782066 0.0628166 0.114646
2 0.419504 0.49705 0.0691681 0.0960432
3 0.69631 0.539585 0.124177 0.112125
3 0.0161171 0.826721 0.0322342 0.156713
2 0.297685 0.577196 0.134312 0.128211
