0 0.370422 0.21675 0.157952 0.173492
0 0.493017 0.330142 0.14912 0.163279
0 0.394149 0.441084 0.160424 0.164654
0 0.264334 0.338093 0.190314 0.146857
0 0.40775 0.793023 0.188185 0.201653
0 0.540039 0.549619 0.176596 0.209132
0 0.388139 0.617601 0.197137 0.196134
2 0.533708 0.216416 0.123105 0.121099
0 0.581025 0.723806 0.175272 0.171788
0 0.200663 0.614075 0.150204 0.154446
0 0.24786 0.647573 0.136315 0.157528
0 0.247629 0.228159 0.122281 0.101624
1 0.629479 0.303927 0.15336 0.140687
1 0.614168 0.430884 0.150029 0.125297
0 0.240243 0.787124 0.173928 0.145931
0 0.517303 0.447486 0.0957679 0.0772552
0 0.274461 0.426518 0.0986344 0.0612701
0 0.363528 0.896846 0.117532 0.122755
