2 0.890043 0.363378 0.160537 0.147349
1 0.777508 0.34123 0.150112 0.158299
1 0.695666 0.481972 0.164885 0.143766
1 0.619752 0.355245 0.156401 0.149393
1 0.682307 0.268653 0.124604 0.150376
1 0.337993 0.646187 0.11195 0.112883
1 0.836554 0.506264 0.153578 0.149516
1 0.428627 0.795841 0.108137 0.106779
1 0.574538 0.673399 0.113467 0.0958643
1 0.397562 0.703624 0.124439 0.113086
1 0.531722 0.764691 0.116558 0.132408
1 0.446114 0.613983 0.107383 0.11917
1 0.689304 0.58766 0.142343 0.10259
1 0.587252 0.608413 0.0688467 0.0594188
1 0.321501 0.761434 0.120204 0.115726
1 0.574075 0.468778 0.118373 0.138598
1 0.502624 0.569124 0.0803668 0.0697003
1 0.462117 0.849337 0.0857385 0.0807407
1 0.568399 0.287368 0.110416 0.120928
2 0.361057 0.859632 0.0983746 0.0938705
1 0.142936 0.952432 0.0991154 0.0938634
1 0.60805 0.727483 0.066011 0.0754391
1 0.221418 0.900389 0.0853383 0.0836206
1 0.178385 0.861793 0.0769865 0.0875713
1 0.258289 0.839216 0.0809573 0.0860814
1 0.209297 0.971344 0.0845219 0.0572327
1 0.315143 0.958633 0.0760988 0.0640993
1 0.773478 0.244301 0.0708304 0.0522342
2 0.968292 0.0281867 0.0634152 0.0563467
1 0.388081 0.583581 0.0477264 0.0510353
1 0.900756 0.466013 0.0737308 0.0823915
2 0.781725 0.571966 0.0555898 0.0592424
1 0.323959 0.913542 0.0583654 0.0352959
1 0.135685 0.869621 0.0342579 0.0743227
