2 0.355844 0.445539 0.117275 0.113394
0 0.590891 0.38127 0.113397 0.105875
0 0.441852 0.39063 0.114602 0.113367
0 0.507246 0.311253 0.117197 0.117268
2 0.396567 0.296167 0.101948 0.12342
3 0.551099 0.888259 0.11354 0.138245
1 0.421301 0.641488 0.139425 0.133517
1 0.331747 0.361149 0.101602 0.0885989
0 0.471539 0.250462 0.0913956 0.0768439
2 0.598345 0.60137 0.116594 0.107074
3 0.449109 0.90011 0.101182 0.128841
0 0.550696 0.671387 0.118132 0.108613
3 0.639253 0.80645 0.121707 0.125041
0 0.538195 0.508657 0.0917694 0.0780968
1 0.522116 0.451535 0.0983294 0.109778
2 0.318671 0.502831 0.0308684 0.0534328
2 0.575142 0.302013 0.0336817 0.0632225
2 0.377693 0.504967 0.105936 0.0896439
