0 0.438316 0.463842 0.144218 0.142707
1 0.397652 0.327856 0.142063 0.161597
1 0.634339 0.432285 0.181679 0.180708
1 0.659893 0.588418 0.133421 0.138944
2 0.238392 0.504477 0.165005 0.133772
1 0.470874 0.669917 0.171774 0.158606
0 0.622243 0.720986 0.158121 0.178632
1 0.754428 0.446039 0.139724 0.149146
2 0.521657 0.341471 0.105118 0.148884
1 0.64257 0.295577 0.148025 0.133847
1 0.521849 0.565129 0.165008 0.173874
3 0.259203 0.401176 0.124679 0.0887699
1 0.740719 0.329472 0.0731267 0.0960636
1 0.336091 0.311006 0.0843401 0.140528
