0 0.457397 0.158409 0.148342 0.145387
2 0.28388 0.659806 0.139652 0.116182
2 0.366134 0.554527 0.137786 0.151097
0 0.323554 0.753015 0.152143 0.139142
2 0.523792 0.841345 0.153998 0.175355
0 0.256604 0.31152 0.0812439 0.125096
0 0.602998 0.694611 0.139336 0.143462
2 0.579381 0.146811 0.1105 0.117914
1 0.565264 0.353995 0.125369 0.118713
2 0.702732 0.667349 0.132845 0.139482
1 0.668679 0.807071 0.162331 0.160594
1 0.315398 0.308512 0.13526 0.120037
1 0.338486 0.186638 0.131927 0.138888
2 0.440932 0.279547 0.126531 0.104232
1 0.386436 0.383229 0.101636 0.126098
0 0.35945 0.820665 0.131161 0.11691
2 0.571906 0.582312 0.137582 0.14627
0 0.337817 0.410821 0.0979807 0.0895186
3 0.464852 0.706838 0.138794 0.142221
1 0.557458 0.247273 0.132109 0.106217
0 0.501491 0.0381089 0.0924467 0.0756996
0 0.37859 0.0651575 0.042067 0.049678
3 0.307893 0.968632 0.151386 0.0626453
0 0.420378 0.84637 0.0779346 0.139401
0 0.354056 0.0210103 0.0803916 0.0420207
2 0.622992 0.257544 0.0413858 0.0825103
0 0.446118 0.0848228 0.0905026 0.0427267
1 0.446417 0.084996 0.0898114 0.0430275
