2 0.447905 0.551043 0.1858 0.15961
2 0.785935 0.289477 0.108577 0.0946649
2 0.884383 0.304673 0.131244 0.10007
1 0.537325 0.36977 0.152325 0.162007
0 0.319444 0.443491 0.198723 0.183112
1 0.353361 0.628066 0.178626 0.184191
2 0.783342 0.535186 0.0929175 0.127687
3 0.854683 0.52233 0.119023 0.120733
2 0.76315 0.352749 0.0949757 0.110846
2 0.519814 0.633802 0.143202 0.131438
1 0.589026 0.498847 0.178544 0.167634
2 0.682811 0.335902 0.0856464 0.089866
1 0.311365 0.263479 0.142995 0.143734
3 0.862667 0.396576 0.1358 0.133964
2 0.709209 0.540763 0.0702393 0.0890779
2 0.675706 0.393042 0.107346 0.0447256
1 0.238986 0.387308 0.166165 0.158616
0 0.398023 0.324994 0.156362 0.182406
1 0.413938 0.683717 0.096068 0.086387
