2 0.680189 0.509751 0.179168 0.161384
2 0.336275 0.544566 0.197873 0.172125
2 0.403423 0.690856 0.152928 0.180583
2 0.808057 0.897777 0.218993 0.204446
2 0.663265 0.3417 0.163588 0.198516
2 0.354504 0.0610494 0.1504 0.122099
2 0.305346 0.728454 0.112886 0.129539
1 0.423016 0.441449 0.192608 0.165731
2 0.74461 0.4281 0.116959 0.113764
2 0.553357 0.147326 0.15414 0.146956
2 0.457671 0.0768856 0.098909 0.152902
2 0.486547 0.240091 0.133861 0.108964
2 0.511124 0.369081 0.16381 0.179302
2 0.545333 0.046228 0.104889 0.0924301
3 0.524384 0.544104 0.13906 0.14635
3 0.281704 0.272401 0.129031 0.124032
3 0.266054 0.146209 0.132456 0.143048
3 0.39196 0.17674 0.129805 0.116836
1 0.654409 0.954875 0.214814 0.0902498
1 0.611672 0.68504 0.133473 0.148424
2 0.569303 0.301707 0.0717025 0.0647657
2 0.394576 0.338715 0.0953814 0.0857881
2 0.199932 0.170798 0.0734782 0.110663
3 0.451549 0.954841 0.194508 0.0903182
2 0.216479 0.0518302 0.139248 0.10366
2 0.912821 0.984328 0.172475 0.0313432
1 0.270188 0.623663 0.132484 0.109429
2 0.573202 0.251431 0.0664546 0.0486458
3 0.432535 0.921828 0.170922 0.142338
