0 0.562407 0.780208 0.143661 0.149157
0 0.261465 0.42156 0.104445 0.0969128
0 0.328487 0.531464 0.127737 0.116417
0 0.444497 0.56342 0.1144 0.105038
0 0.764565 0.574774 0.127568 0.120546
0 0.158208 0.416893 0.105542 0.0971213
0 0.510053 0.4057 0.0803502 0.0969592
0 0.627026 0.552978 0.10818 0.10711
0 0.43006 0.419249 0.115636 0.115463
2 0.0280276 0.878533 0.0560233 0.0817574
0 0.492993 0.709272 0.0825687 0.101111
0 0.535149 0.500432 0.120289 0.117768
0 0.35042 0.455985 0.114427 0.0923207
0 0.30047 0.365227 0.0733647 0.0739397
2 0.0474786 0.944186 0.0689108 0.0683929
0 0.343165 0.629772 0.119058 0.109291
2 0.0874731 0.973567 0.0601408 0.0527946
3 0.859799 0.918574 0.14245 0.162093
0 0.132558 0.211934 0.0833685 0.0828528
2 0.0833735 0.912068 0.0751697 0.0649371
0 0.16008 0.507956 0.092995 0.0887956
0 0.542622 0.641277 0.127772 0.131115
3 0.897198 0.680692 0.130853 0.13649
1 0.288234 0.313682 0.0707208 0.0620224
0 0.248848 0.50275 0.0909263 0.0825098
1 0.0854653 0.289593 0.0955973 0.0810189
0 0.667061 0.643117 0.14171 0.122909
0 0.21767 0.335687 0.0953392 0.106569
3 0.806778 0.771306 0.137567 0.134418
0 0.438591 0.669126 0.0846371 0.115011
1 0.0347487 0.239624 0.069066 0.0863263
3 0.949785 0.775425 0.10033 0.12898
0 0.350491 0.391159 0.0522395 0.0410687
2 0.056181 0.987783 0.089989 0.0244333
1 0.0745413 0.369752 0.0864812 0.080985
0 0.365488 0.361037 0.0596085 0.0363438
1 0.0171912 0.335089 0.0343824 0.0800813
2 0.00883013 0.956422 0.0176136 0.0755408
1 0.692739 0.749017 0.132524 0.135573
1 0.00895375 0.955847 0.0179075 0.0766135
