2 0.419542 0.606385 0.114913 0.135436
2 0.444674 0.757288 0.135131 0.142323
0 0.403036 0.228865 0.111273 0.133675
1 0.636522 0.674587 0.133562 0.141399
2 0.567743 0.580109 0.122058 0.121499
2 0.421701 0.341205 0.0997568 0.106938
2 0.353773 0.165512 0.0940281 0.0985647
1 0.59385 0.800631 0.141776 0.148889
2 0.13044 0.309557 0.0845688 0.111098
1 0.284036 0.230886 0.130439 0.114268
2 0.497475 0.807507 0.0908276 0.130253
2 0.19635 0.212309 0.0789716 0.0966441
0 0.183381 0.0363891 0.088401 0.0727782
1 0.682684 0.577098 0.111534 0.117881
0 0.326265 0.340027 0.128754 0.108119
2 0.599228 0.527923 0.0757169 0.0668705
0 0.93203 0.971523 0.135858 0.056926
1 0.694106 0.719831 0.0993741 0.120587
0 0.294236 0.418548 0.102501 0.104199
3 0.49335 0.637528 0.104178 0.129307
0 0.684412 0.800134 0.0495459 0.0468782
2 0.452056 0.256879 0.0370341 0.0666035
1 0.205631 0.321079 0.121916 0.130004
1 0.905168 0.956308 0.117272 0.0870795
2 0.0979425 0.055722 0.0505999 0.0717221
0 0.0347226 0.055266 0.0694451 0.0836926
1 0.0466796 0.0234279 0.0929374 0.0468558
0 0.046581 0.023326 0.0931053 0.0466521
3 0.205452 0.395391 0.0921134 0.0481567
0 0.904588 0.955503 0.116983 0.08461
