0 0.489431 0.346333 0.125783 0.156176
1 0.799456 0.210713 0.135687 0.139702
1 0.819261 0.407811 0.120503 0.126487
0 0.424177 0.472007 0.154377 0.130236
1 0.705907 0.265977 0.107753 0.120686
1 0.509718 0.574919 0.141518 0.15226
2 0.373805 0.427915 0.105126 0.088727
2 0.664159 0.433119 0.0815995 0.120637
2 0.648 0.329396 0.090177 0.0925422
0 0.410098 0.320082 0.0953606 0.133865
2 0.913648 0.182233 0.0915942 0.0838197
1 0.63412 0.554759 0.134208 0.129754
1 0.890023 0.435899 0.11814 0.12675
2 0.751541 0.435447 0.0971912 0.124551
2 0.569317 0.325427 0.0807376 0.0952147
2 0.682484 0.208989 0.0967142 0.0927406
1 0.580482 0.440618 0.13244 0.148144
3 0.925811 0.0802631 0.110125 0.0938327
1 0.408185 0.594503 0.100395 0.116921
1 0.541109 0.650792 0.123299 0.106011
2 0.369239 0.376515 0.0762773 0.0515482
1 0.908999 0.330697 0.121159 0.106149
