0 0.463296 0.48787 0.179768 0.173374
0 0.34677 0.475934 0.101171 0.137831
0 0.31834 0.773039 0.211913 0.217208
0 0.564652 0.461455 0.0894063 0.106357
0 0.617059 0.636824 0.155846 0.0682186
0 0.404067 0.384748 0.0660148 0.0691843
0 0.527568 0.311831 0.0692285 0.0820636
0 0.458946 0.340761 0.0756969 0.0665633
0 0.585257 0.377691 0.0632088 0.073353
0 0.429007 0.286519 0.0799551 0.0912905
0 0.625006 0.542093 0.115325 0.0530487
0 0.520706 0.385143 0.0677243 0.0612648
0 0.378953 0.331625 0.0616539 0.0612991
0 0.485377 0.287466 0.0359769 0.0416255
0 0.58635 0.313818 0.0486713 0.0557159
1 0.349159 0.622673 0.0402882 0.0217603
