1 0.628178 0.678629 0.141663 0.14219
1 0.593129 0.565153 0.120581 0.117682
3 0.703626 0.542421 0.111498 0.121924
0 0.344883 0.357478 0.109606 0.115262
2 0.549941 0.71715 0.090077 0.101618
2 0.523378 0.510048 0.107042 0.126061
0 0.252027 0.44811 0.0812464 0.0798972
2 0.784402 0.519387 0.102482 0.1157
2 0.69331 0.448929 0.0948941 0.0954897
3 0.970327 0.885718 0.0589064 0.172934
2 0.936635 0.976025 0.126729 0.0479495
2 0.191675 0.185955 0.0656497 0.0589785
1 0.327221 0.463541 0.0993947 0.11158
3 0.598004 0.465245 0.105719 0.104795
2 0.743641 0.447815 0.0450381 0.0779974
0 0.502811 0.630571 0.125411 0.120498
1 0.502776 0.630567 0.125334 0.120355
2 0.746855 0.626074 0.0841818 0.0782091
