2 0.76713 0.523812 0.160625 0.149909
3 0.482915 0.347817 0.123531 0.140184
2 0.700129 0.401846 0.144361 0.155604
3 0.351734 0.364578 0.14087 0.137483
2 0.628781 0.596518 0.154723 0.14259
2 0.742901 0.327352 0.133147 0.131377
2 0.593579 0.374518 0.117049 0.113835
3 0.581697 0.473411 0.144897 0.129309
2 0.805344 0.43228 0.105428 0.0897984
2 0.657782 0.683989 0.0979861 0.123194
3 0.443663 0.471344 0.135131 0.132624
3 0.367451 0.542633 0.137965 0.140283
2 0.964783 0.47535 0.0702884 0.0625445
3 0.440675 0.580482 0.0903594 0.0894525
3 0.315971 0.443714 0.137913 0.11035
3 0.546057 0.594883 0.0896796 0.117585
2 0.662856 0.335429 0.0283426 0.0345692
3 0.297485 0.548392 0.0333645 0.0848566
