1 0.592756 0.414798 0.121151 0.106864
2 0.942935 0.60745 0.11385 0.130012
2 0.544525 0.602603 0.103067 0.111028
1 0.513594 0.493071 0.0992677 0.112319
1 0.613487 0.512159 0.11331 0.108347
1 0.529519 0.340771 0.115702 0.116905
2 0.351528 0.511326 0.0810253 0.0850203
2 0.684152 0.44109 0.0966531 0.0723317
2 0.312188 0.442091 0.0751379 0.0805486
3 0.850973 0.664928 0.123903 0.132487
3 0.811234 0.414058 0.123272 0.149091
2 0.274023 0.506561 0.0803115 0.0755572
3 0.925657 0.497595 0.12132 0.11292
2 0.321085 0.577783 0.0859531 0.0742863
3 0.771856 0.529793 0.129242 0.106504
2 0.39981 0.567329 0.0675248 0.0772977
1 0.64268 0.577194 0.104131 0.0986606
2 0.20174 0.488474 0.0686922 0.0508137
1 0.488826 0.420366 0.088136 0.0764184
1 0.440728 0.499616 0.0825552 0.0934215
1 0.605642 0.64678 0.0915791 0.0830516
3 0.729538 0.595356 0.116721 0.100699
2 0.407594 0.617661 0.0678537 0.0399221
2 0.979053 0.464904 0.0418936 0.0874527
1 0.652719 0.383729 0.0540231 0.0508426
