2 0.520601 0.594851 0.137336 0.120888
1 0.398554 0.629839 0.12453 0.154398
3 0.195755 0.929469 0.129324 0.141024
1 0.46586 0.489395 0.139102 0.156156
1 0.327295 0.536499 0.15839 0.148109
2 0.760026 0.106543 0.101538 0.14517
2 0.512694 0.358165 0.152399 0.152037
2 0.319432 0.445458 0.150017 0.0941736
1 0.581119 0.478899 0.11232 0.12323
2 0.869731 0.0676308 0.133125 0.122552
3 0.180206 0.78828 0.123171 0.131811
0 0.649211 0.0420698 0.109394 0.0838973
2 0.844664 0.00656685 0.0946611 0.0131328
3 0.281726 0.844676 0.110994 0.120474
