2 0.646471 0.359186 0.143993 0.127305
2 0.42179 0.302948 0.140393 0.114958
0 0.403022 0.710953 0.112044 0.136711
2 0.598146 0.685767 0.115225 0.103885
2 0.551331 0.289692 0.12017 0.129002
2 0.370893 0.209034 0.150834 0.143509
2 0.536735 0.418149 0.116591 0.12826
3 0.596654 0.578061 0.146384 0.129207
1 0.340619 0.600104 0.144422 0.129449
3 0.516921 0.172816 0.114148 0.145977
2 0.319156 0.312984 0.0777505 0.0992845
3 0.503332 0.654699 0.118209 0.139162
0 0.471504 0.0619155 0.110664 0.11615
2 0.67585 0.411313 0.0870193 0.0512885
2 0.722783 0.0964601 0.0950413 0.113072
2 0.358333 0.429559 0.0373549 0.0912772
2 0.436225 0.529284 0.131839 0.155296
0 0.597305 0.0437759 0.122252 0.0875517
0 0.528292 0.00998359 0.111301 0.0199672
0 0.703247 0.0275389 0.114248 0.0550778
0 0.465999 0.00645148 0.0442936 0.0128693
