3 0.401673 0.521953 0.0985207 0.0934501
2 0.676343 0.530306 0.101942 0.109917
2 0.420679 0.380873 0.107312 0.130224
2 0.47444 0.581561 0.120863 0.103092
2 0.476562 0.481146 0.0994995 0.101761
3 0.657115 0.664971 0.0975198 0.106313
3 0.141197 0.532756 0.0946247 0.129842
3 0.726371 0.610049 0.0982904 0.0973979
3 0.24877 0.311292 0.116408 0.10751
3 0.823602 0.751323 0.0838118 0.113763
3 0.0443286 0.239389 0.0886565 0.0901167
3 0.91108 0.738752 0.0962482 0.113727
3 0.772271 0.510831 0.105928 0.106288
3 0.328853 0.576797 0.0950644 0.0863514
3 0.208206 0.435281 0.120183 0.0801923
2 0.752214 0.653937 0.0950943 0.0823953
3 0.696082 0.437914 0.091076 0.102163
3 0.426286 0.617124 0.0961269 0.100371
2 0.612717 0.490011 0.0865078 0.0955299
3 0.868901 0.639464 0.0978952 0.0965245
2 0.660953 0.713664 0.07915 0.049527
3 0.956941 0.630559 0.0859676 0.0961079
3 0.50045 0.407684 0.0715837 0.0662878
2 0.608824 0.582872 0.110845 0.095152
3 0.6087 0.582841 0.110691 0.0950849
3 0.932542 0.708411 0.0675618 0.0737747
3 0.787442 0.572195 0.0814203 0.0674147
