0 0.253356 0.840957 0.134181 0.130988
0 0.483638 0.280563 0.101342 0.102692
0 0.274409 0.712495 0.123752 0.119125
0 0.564174 0.4215 0.0996568 0.0883282
0 0.366116 0.874034 0.130678 0.126376
0 0.523414 0.834941 0.113573 0.110249
0 0.627091 0.352346 0.0867242 0.0971863
0 0.498502 0.366181 0.0888922 0.0982258
0 0.475416 0.934604 0.124278 0.130768
1 0.418767 0.395487 0.0844667 0.0773399
2 0.528471 0.168316 0.0726092 0.0619149
0 0.656747 0.420785 0.0844681 0.0731026
1 0.422063 0.310818 0.082989 0.0997223
0 0.713418 0.0448045 0.0581042 0.0522197
1 0.63137 0.467711 0.0859421 0.085452
2 0.520688 0.131581 0.0682591 0.0563223
0 0.713117 0.0939727 0.0743307 0.0580242
0 0.581027 0.290745 0.100522 0.118054
2 0.608666 0.0577987 0.0725938 0.0787821
0 0.525158 0.718868 0.124265 0.125465
0 0.725756 0.17678 0.0673297 0.0796205
1 0.686159 0.137067 0.0853029 0.0726173
0 0.306168 0.945289 0.105472 0.109422
0 0.397845 0.456998 0.0479934 0.065938
1 0.590122 0.498064 0.0916441 0.0744749
2 0.524942 0.506922 0.0382816 0.0797415
1 0.470687 0.44638 0.0951418 0.0917613
0 0.596921 0.828661 0.0880903 0.104457
2 0.440649 0.470477 0.0551485 0.0650679
0 0.678546 0.0671325 0.032128 0.0347512
1 0.658864 0.1993 0.0729236 0.0763933
2 0.558042 0.517435 0.034959 0.0354524
2 0.54164 0.251447 0.0274454 0.0284916
