2 0.500468 0.469406 0.151153 0.136221
2 0.563923 0.368745 0.128052 0.139638
2 0.32613 0.422265 0.148896 0.12238
2 0.357703 0.525515 0.129297 0.111374
2 0.441302 0.372998 0.116503 0.140592
3 0.601214 0.550516 0.133477 0.12403
1 0.321076 0.626241 0.138423 0.130892
2 0.683888 0.530679 0.0572852 0.0712184
2 0.384437 0.66963 0.0680983 0.0599274
2 0.448934 0.596767 0.133232 0.136139
2 0.28961 0.52376 0.0565865 0.0903908
1 0.483018 0.665448 0.132109 0.123795
2 0.943739 0.928413 0.112256 0.143175
3 0.751526 0.982004 0.191988 0.0358002
3 0.637958 0.468366 0.114272 0.104688
