2 0.454762 0.128197 0.135195 0.131909
0 0.628166 0.743833 0.119228 0.140705
2 0.643215 0.625252 0.123347 0.114121
2 0.746071 0.639523 0.126325 0.107179
2 0.523998 0.613771 0.116405 0.119319
1 0.544836 0.296843 0.155214 0.132617
1 0.509524 0.734516 0.124492 0.133289
3 0.334371 0.36795 0.140786 0.110044
0 0.30062 0.201948 0.14179 0.101668
0 0.28029 0.398015 0.0801017 0.111752
3 0.301323 0.275952 0.151056 0.125453
3 0.436805 0.211681 0.148635 0.148259
2 0.685509 0.562851 0.0810197 0.07453
3 0.639117 0.332421 0.132852 0.129803
3 0.469396 0.400834 0.133448 0.127663
3 0.595291 0.193332 0.135679 0.132958
3 0.365372 0.462929 0.133207 0.137308
3 0.599384 0.818139 0.0949134 0.107288
1 0.616942 0.530223 0.0739384 0.0910518
