1 0.637053 0.537589 0.133892 0.124508
1 0.523825 0.507504 0.112722 0.131819
2 0.705624 0.622872 0.131337 0.111034
1 0.50771 0.663791 0.124135 0.136597
1 0.578779 0.289891 0.111941 0.103088
2 0.436838 0.435496 0.0923522 0.117086
2 0.451963 0.320005 0.0969416 0.115094
2 0.350475 0.189764 0.0984478 0.0941889
1 0.512807 0.396177 0.0930055 0.101252
2 0.586548 0.412245 0.0873807 0.100944
2 0.427664 0.58661 0.137772 0.122146
1 0.513034 0.725538 0.116455 0.0877451
2 0.374465 0.43651 0.0635737 0.0977297
2 0.360578 0.345205 0.11887 0.0928728
1 0.632281 0.667185 0.128079 0.119506
2 0.709752 0.532881 0.0379288 0.0717397
3 0.623712 0.364936 0.0957613 0.0789481
1 0.655094 0.730948 0.0646938 0.0359512
1 0.537698 0.185508 0.0901443 0.0732529
2 0.522396 0.253706 0.0804294 0.11096
