2 0.414822 0.639206 0.165829 0.18499
2 0.529093 0.522561 0.164455 0.150943
2 0.319914 0.709774 0.137617 0.162602
2 0.4163 0.442799 0.144742 0.155562
1 0.289626 0.546154 0.179528 0.188061
0 0.626338 0.59248 0.158953 0.163634
2 0.620128 0.461102 0.122504 0.11356
2 0.160186 0.0804781 0.110628 0.120056
2 0.203927 0.0308365 0.116827 0.0616729
2 0.17806 0.573363 0.096967 0.110862
0 0.238708 0.133643 0.127464 0.164578
1 0.467349 0.114324 0.112554 0.142694
2 0.538725 0.965917 0.0879501 0.0681659
0 0.478252 0.0324282 0.166046 0.0648564
1 0.509661 0.407852 0.10869 0.114375
1 0.2868 0.419246 0.13232 0.0870321
2 0.472655 0.342454 0.0864813 0.0530276
1 0.310843 0.0166983 0.140503 0.0333869
0 0.357093 0.102863 0.153539 0.168197
3 0.519074 0.659383 0.0886861 0.12791
1 0.51941 0.700486 0.100172 0.0801413
