0 0.541085 0.432623 0.165082 0.17371
2 0.407226 0.534439 0.15326 0.125668
2 0.436183 0.765866 0.149937 0.157606
2 0.555633 0.695356 0.13106 0.128238
2 0.281595 0.511836 0.118321 0.121573
2 0.368229 0.426454 0.115026 0.122926
3 0.2019 0.92241 0.146141 0.154984
1 0.792124 0.422554 0.119574 0.128508
3 0.259571 0.758562 0.163947 0.160989
3 0.0654871 0.935917 0.130974 0.128166
0 0.802704 0.267382 0.121945 0.12827
2 0.460877 0.459968 0.0876991 0.122019
1 0.585332 0.565719 0.13088 0.147432
3 0.0877392 0.793264 0.163903 0.154227
1 0.879675 0.343262 0.137038 0.122596
0 0.712985 0.326706 0.126845 0.121232
1 0.667293 0.522928 0.110784 0.110495
1 0.896996 0.220019 0.107163 0.127306
2 0.449328 0.400821 0.0472598 0.049549
0 0.911473 0.433584 0.121176 0.119413
1 0.711505 0.221444 0.116139 0.113649
3 0.664555 0.618841 0.123057 0.115355
2 0.630641 0.340935 0.0838187 0.102568
1 0.616753 0.303042 0.0871053 0.0764963
3 0.655104 0.699459 0.0883505 0.0780304
2 0.0155213 0.8836 0.0310426 0.167786
1 0.315642 0.619344 0.123193 0.122784
3 0.387347 0.658837 0.148196 0.127451
