0 0.467122 0.458932 0.161072 0.19378
0 0.25616 0.602183 0.179713 0.146522
2 0.38761 0.656813 0.15686 0.164535
0 0.311234 0.457543 0.161585 0.175135
2 0.506664 0.725902 0.157217 0.177127
0 0.59052 0.405558 0.150852 0.179159
0 0.657135 0.595979 0.158403 0.132551
0 0.458482 0.349209 0.153805 0.112168
2 0.335571 0.724192 0.13648 0.124014
0 0.155684 0.479147 0.125438 0.094586
0 0.223924 0.418112 0.0832152 0.114973
1 0.67479 0.439299 0.139244 0.157247
0 0.0779765 0.390362 0.0553442 0.0580518
1 0.33055 0.312916 0.0931721 0.114368
0 0.153728 0.373 0.108994 0.112216
