0 0.517679 0.408974 0.137438 0.162082
0 0.37908 0.386345 0.158159 0.162751
2 0.592104 0.826021 0.181146 0.190357
2 0.498831 0.649339 0.148942 0.181609
2 0.709758 0.522339 0.173161 0.164653
2 0.782827 0.762922 0.164497 0.144919
1 0.479758 0.257233 0.175091 0.160411
2 0.517554 0.18749 0.133941 0.118309
0 0.640222 0.318793 0.174194 0.148192
0 0.68999 0.41129 0.154344 0.116267
2 0.259502 0.162877 0.0839157 0.113584
3 0.905077 0.903387 0.189391 0.193226
1 0.657844 0.2141 0.159048 0.120297
0 0.937072 0.718959 0.125788 0.202039
2 0.402228 0.071382 0.0789608 0.0952917
0 0.92278 0.526509 0.101725 0.0845657
2 0.299834 0.0520176 0.123296 0.104017
3 0.342805 0.151326 0.0982932 0.108638
0 0.481639 0.521856 0.127874 0.135051
1 0.651508 0.651274 0.207041 0.219707
0 0.74824 0.902559 0.173593 0.194882
1 0.866653 0.613946 0.191824 0.214416
1 0.471007 0.136676 0.0709442 0.0570678
1 0.493625 0.0556814 0.110271 0.0888129
1 0.74799 0.902599 0.173074 0.194802
2 0.506359 0.0155733 0.0873371 0.0311373
0 0.367407 0.0113812 0.126795 0.0227624
