2 0.420063 0.296896 0.122599 0.108452
2 0.589323 0.828517 0.128789 0.139817
2 0.679553 0.884441 0.120388 0.130179
2 0.512564 0.194445 0.113193 0.116061
2 0.44965 0.86258 0.143855 0.14281
0 0.498514 0.395625 0.116224 0.134643
2 0.398807 0.199715 0.121419 0.116842
2 0.709094 0.656172 0.125992 0.119496
2 0.424351 0.735923 0.101737 0.11666
2 0.587372 0.675467 0.130352 0.128471
2 0.187184 0.0773006 0.0983253 0.0886569
2 0.361534 0.0804655 0.0797642 0.105706
2 0.536643 0.933703 0.122553 0.123187
2 0.386402 0.407113 0.0995051 0.123269
0 0.309927 0.307273 0.115408 0.13233
3 0.512131 0.759706 0.107329 0.101283
2 0.406193 0.0213611 0.0918417 0.0427222
0 0.6025 0.600531 0.105748 0.0774734
1 0.708169 0.77805 0.132991 0.13652
2 0.190483 0.0166174 0.0847394 0.0332348
1 0.246487 0.332642 0.0959103 0.112471
0 0.271616 0.125852 0.0892383 0.10066
0 0.295465 0.42259 0.0995939 0.0983055
2 0.534788 0.28493 0.118259 0.105695
2 0.771025 0.765699 0.0750459 0.12331
3 0.26036 0.0402582 0.0793587 0.0805164
3 0.336071 0.0138399 0.0677375 0.0276194
3 0.379332 0.765196 0.0955384 0.095043
1 0.160711 0.0283729 0.040018 0.0422015
