2 0.388342 0.776178 0.134232 0.148803
2 0.533628 0.630196 0.149229 0.133363
1 0.56185 0.535251 0.130826 0.130346
1 0.435106 0.502335 0.141069 0.148701
3 0.303078 0.54574 0.143029 0.143658
0 0.628467 0.071929 0.123416 0.118525
0 0.708085 0.144762 0.12259 0.124792
2 0.804291 0.0514687 0.106245 0.102592
2 0.296336 0.685025 0.145905 0.134511
2 0.253508 0.609373 0.078718 0.081171
0 0.759928 0.0438229 0.12317 0.0875483
3 0.368665 0.413366 0.132386 0.118258
2 0.292826 0.769666 0.0792202 0.0549498
0 0.554959 0.1356 0.0788094 0.0510786
0 0.640849 0.186805 0.0569479 0.082645
3 0.500699 0.756153 0.107471 0.127363
2 0.688611 0.403841 0.139798 0.116881
0 0.632818 0.510725 0.0989552 0.119861
1 0.52111 0.0662295 0.112881 0.12853
2 0.406295 0.319003 0.122969 0.122445
