1 0.791258 0.656322 0.170612 0.184918
1 0.731639 0.828341 0.164571 0.190357
2 0.188032 0.106951 0.111069 0.142971
2 0.330169 0.328955 0.166212 0.189429
2 0.576971 0.798458 0.124426 0.117346
2 0.725254 0.582844 0.132804 0.138234
1 0.464763 0.44717 0.191553 0.164354
1 0.175099 0.408283 0.177515 0.153144
2 0.185055 0.52792 0.12996 0.120286
1 0.492966 0.312678 0.170251 0.159486
2 0.0191634 0.2377 0.0382641 0.16876
2 0.0688716 0.196306 0.104587 0.0997873
1 0.303466 0.49661 0.161397 0.150282
0 0.359783 0.572993 0.161658 0.172932
2 0.0734058 0.0141301 0.144321 0.0282601
1 0.111362 0.0838797 0.141788 0.129649
0 0.860368 0.795592 0.178587 0.185652
1 0.860499 0.795675 0.178512 0.185526
2 0.595373 0.685322 0.0606247 0.0723355
1 0.901322 0.677548 0.0690442 0.112147
0 0.737129 0.923089 0.153906 0.114891
2 0.115193 0.165734 0.0617619 0.0534016
