2 0.350463 0.297843 0.129169 0.118192
0 0.718688 0.551773 0.145901 0.137014
2 0.428402 0.365441 0.112042 0.106524
1 0.610089 0.418487 0.120466 0.120757
2 0.433093 0.659143 0.128749 0.137992
2 0.536658 0.365402 0.108163 0.115462
3 0.804228 0.742937 0.134712 0.134995
0 0.670069 0.628523 0.124471 0.102227
2 0.539741 0.711191 0.103822 0.121224
1 0.47167 0.260323 0.129036 0.125837
3 0.651616 0.749446 0.139168 0.152944
0 0.41356 0.53243 0.129027 0.128738
3 0.556276 0.825003 0.139126 0.13599
2 0.21318 0.0435284 0.114966 0.0870567
1 0.569279 0.264336 0.0908621 0.101327
2 0.186067 0.0901438 0.0577598 0.0728163
0 0.598114 0.532638 0.128512 0.121638
2 0.611734 0.339767 0.0771062 0.0546266
3 0.49672 0.590558 0.11436 0.12787
2 0.363918 0.194302 0.120072 0.118519
3 0.678614 0.932482 0.122922 0.135034
0 0.522762 0.483831 0.11328 0.10785
3 0.335469 0.427366 0.104858 0.121306
2 0.426368 0.021867 0.100488 0.0437341
2 0.302938 0.0211659 0.116735 0.0423319
2 0.471286 0.196432 0.0855506 0.0339409
2 0.404926 0.0745032 0.0958263 0.0992305
