2 0.319944 0.794767 0.134679 0.145858
2 0.645099 0.369097 0.127241 0.120753
2 0.456626 0.36736 0.131652 0.13087
2 0.367294 0.644249 0.147747 0.127156
1 0.573284 0.180378 0.142697 0.16
0 0.579797 0.443191 0.124618 0.124213
2 0.66532 0.251156 0.140253 0.123461
1 0.573337 0.762123 0.132105 0.145871
0 0.358646 0.314801 0.104688 0.131943
3 0.240366 0.931013 0.11515 0.120608
1 0.44171 0.815518 0.151961 0.15178
0 0.441883 0.241767 0.155396 0.156622
0 0.448463 0.143527 0.124346 0.0874683
2 0.51404 0.468532 0.0404544 0.113127
1 0.26001 0.69433 0.127156 0.128206
1 0.386138 0.427057 0.0941752 0.0968188
1 0.33251 0.237943 0.0798038 0.0837854
1 0.627106 0.0488942 0.101979 0.0976898
0 0.2601 0.69426 0.127234 0.128277
2 0.682511 0.0244604 0.0854124 0.0489209
3 0.434339 0.994494 0.10066 0.0110128
1 0.415684 0.415917 0.0815245 0.0824229
