1 0.679281 0.785374 0.105079 0.120985
0 0.466902 0.442965 0.0907089 0.0970612
1 0.556994 0.717154 0.118868 0.10344
1 0.492038 0.780793 0.10309 0.107846
2 0.336288 0.317742 0.0794107 0.0732553
0 0.648965 0.625444 0.0892975 0.0897813
1 0.56395 0.63094 0.0981364 0.093195
1 0.500153 0.525874 0.0958541 0.0818109
2 0.363472 0.230075 0.0767947 0.075188
1 0.705156 0.697275 0.103532 0.0874393
1 0.418647 0.566489 0.0934355 0.0858134
2 0.294138 0.260954 0.0774461 0.0753381
1 0.277787 0.337502 0.0771189 0.0746611
1 0.39386 0.485301 0.0897138 0.0949731
2 0.420666 0.414199 0.0594015 0.070715
1 0.586163 0.878586 0.0996829 0.083457
1 0.727475 0.652247 0.0762505 0.0791651
1 0.554414 0.447399 0.0891592 0.0922221
1 0.563526 0.567696 0.0623847 0.0493781
2 0.462102 0.283011 0.0674716 0.0819228
1 0.404843 0.289435 0.0693576 0.0869649
1 0.480196 0.715835 0.0508999 0.052529
2 0.634275 0.588248 0.0859729 0.0560001
2 0.438397 0.216206 0.0737779 0.0716932
1 0.590991 0.518146 0.0897315 0.0971512
2 0.517242 0.844387 0.0385318 0.0447055
1 0.365318 0.568881 0.0597533 0.0844822
0 0.578935 0.81225 0.105914 0.109537
0 0.438509 0.345954 0.0504376 0.0520867
0 0.349146 0.375251 0.0670735 0.0659938
0 0.28005 0.191949 0.0380946 0.054462
2 0.465916 0.593653 0.0761182 0.0716043
1 0.46552 0.593803 0.0759563 0.0716725
2 0.0254439 0.954526 0.0508878 0.0627695
2 0.239219 0.162564 0.055565 0.0513529
1 0.266306 0.27235 0.0395267 0.0571805
2 0.293574 0.0905615 0.0588734 0.060474
1 0.581869 0.42745 0.0828917 0.0845626
1 0.349341 0.482368 0.0378548 0.0804356
