2 0.344812 0.806753 0.121804 0.136348
0 0.521486 0.516406 0.0978325 0.0873135
2 0.590722 0.555301 0.0885573 0.0930144
2 0.420152 0.895501 0.116222 0.129211
1 0.386684 0.663221 0.115612 0.130958
2 0.562837 0.775435 0.133708 0.115884
2 0.445995 0.750687 0.1186 0.108114
1 0.269333 0.94226 0.154882 0.11548
1 0.682297 0.520245 0.107853 0.0885602
2 0.465759 0.54925 0.0819093 0.0818754
1 0.2631 0.679298 0.12149 0.0922014
0 0.613123 0.462024 0.0926372 0.103928
1 0.240231 0.753394 0.14098 0.108488
1 0.526673 0.427115 0.0978808 0.0951273
2 0.494714 0.674764 0.106393 0.122071
2 0.485305 0.849217 0.10757 0.10783
0 0.766123 0.283223 0.0823167 0.075015
2 0.654865 0.207736 0.0524677 0.0479388
2 0.679885 0.438214 0.0775934 0.0838461
2 0.696194 0.37772 0.0629782 0.0629198
2 0.596456 0.282375 0.0724691 0.0638769
2 0.742778 0.395938 0.0473141 0.0372192
2 0.448887 0.51322 0.06233 0.0568674
2 0.528216 0.870043 0.0848328 0.0824547
2 0.553288 0.62042 0.0626483 0.081068
0 0.761312 0.170469 0.0536664 0.0486425
2 0.650596 0.254616 0.0562497 0.0536372
2 0.610628 0.611586 0.0576406 0.039772
2 0.709611 0.480227 0.0423199 0.0328219
2 0.602299 0.392149 0.0788118 0.0663981
1 0.598927 0.339812 0.0542834 0.0526846
2 0.462286 0.606341 0.0535068 0.048091
2 0.658394 0.578013 0.0765343 0.0628006
1 0.760666 0.356022 0.080385 0.066803
0 0.0443122 0.974979 0.0886244 0.049684
0 0.760546 0.355942 0.080341 0.0672075
1 0.801001 0.216019 0.0628581 0.0543535
1 0.602201 0.392176 0.0792291 0.0668899
3 0.706237 0.186734 0.0546774 0.0594797
1 0.356187 0.640699 0.0824033 0.106208
