2 0.3222 0.375112 0.143788 0.136165
2 0.717769 0.816655 0.10818 0.0973174
2 0.57144 0.725771 0.126715 0.11475
2 0.43178 0.345627 0.116179 0.13481
2 0.522514 0.527129 0.111791 0.116986
2 0.451786 0.459888 0.127273 0.108903
2 0.358895 0.278143 0.0916304 0.0879875
2 0.72348 0.89322 0.0871432 0.0998257
3 0.599821 0.594689 0.0916518 0.11084
3 0.34728 0.507183 0.123287 0.127776
3 0.494762 0.598434 0.117328 0.109896
3 0.657934 0.699526 0.138783 0.123107
0 0.701396 0.982768 0.110039 0.0344643
2 0.454981 0.692088 0.124897 0.093268
1 0.810912 0.871073 0.0948303 0.0921686
2 0.608707 0.533342 0.0613573 0.0326085
2 0.290598 0.316605 0.107566 0.101148
1 0.471991 0.389412 0.0401743 0.0450592
3 0.197205 0.449346 0.129752 0.0866205
0 0.626761 0.908459 0.094933 0.0940887
3 0.810473 0.955344 0.135171 0.089126
2 0.81022 0.955384 0.135192 0.0892322
1 0.626724 0.908713 0.0949872 0.0934557
3 0.379926 0.68038 0.109821 0.100404
3 0.658302 0.583799 0.069416 0.108849
