2 0.840523 0.760906 0.177188 0.184446
0 0.557957 0.480531 0.155848 0.156681
0 0.934223 0.73712 0.114779 0.163819
0 0.472859 0.678227 0.168393 0.170523
1 0.621301 0.613807 0.166025 0.135221
2 0.351921 0.662544 0.109191 0.114204
3 0.747131 0.940372 0.128174 0.119256
3 0.90842 0.908854 0.140215 0.141749
1 0.41309 0.532602 0.150124 0.164944
3 0.862173 0.976866 0.156068 0.0462685
2 0.566328 0.740655 0.14144 0.157623
2 0.975166 0.939035 0.0496669 0.121929
2 0.970303 0.840652 0.0593938 0.0894176
0 0.432932 0.7654 0.113364 0.104358
2 0.348526 0.589673 0.0582886 0.0506303
1 0.975029 0.938999 0.0499423 0.121687
3 0.566416 0.740403 0.141273 0.158307
