0 0.442261 0.675697 0.102634 0.095491
0 0.451433 0.317437 0.0848573 0.0954034
0 0.402579 0.38423 0.0884935 0.0962407
1 0.412546 0.74395 0.0966992 0.0934116
0 0.378764 0.477308 0.0900085 0.0966763
0 0.533013 0.706988 0.0909258 0.104176
1 0.350379 0.317371 0.101579 0.0991501
0 0.517857 0.619501 0.0985009 0.0889493
0 0.485206 0.78169 0.0980217 0.116359
2 0.49583 0.374318 0.0809937 0.0815974
0 0.354729 0.0511507 0.0538646 0.0738222
0 0.655538 0.968015 0.0936133 0.0639703
0 0.447304 0.433979 0.0903535 0.087144
0 0.376061 0.690945 0.0368037 0.0562315
2 0.26427 0.0269411 0.0647308 0.0533819
0 0.433803 0.634136 0.0718054 0.0361267
2 0.544039 0.416623 0.066092 0.0804626
0 0.403851 0.797422 0.0729745 0.0555258
1 0.334561 0.403801 0.0949542 0.0808688
2 0.290393 0.124767 0.048196 0.0549448
1 0.415221 0.269189 0.0759367 0.0814965
0 0.500918 0.451734 0.069567 0.0799519
0 0.483692 0.298419 0.0578309 0.0739815
0 0.564435 0.771699 0.0674853 0.0769034
1 0.422983 0.0308936 0.0865533 0.0617872
2 0.524993 0.9851 0.0851738 0.0295772
0 0.583389 0.66985 0.0761316 0.0936206
0 0.530846 0.584505 0.0720245 0.0468037
1 0.328595 0.114741 0.056722 0.0642225
0 0.32305 0.440835 0.0668468 0.0440492
3 0.316264 0.0238007 0.0753784 0.047568
