1 0.617867 0.596745 0.147581 0.191729
3 0.67254 0.390419 0.158412 0.161086
0 0.528851 0.472553 0.158478 0.155771
2 0.470587 0.587668 0.147014 0.127335
2 0.654682 0.281914 0.118078 0.106692
3 0.946392 0.467786 0.107061 0.113616
0 0.423873 0.397779 0.153258 0.126688
3 0.858031 0.328784 0.14439 0.0837102
3 0.714594 0.605273 0.0826132 0.145547
2 0.966839 0.351307 0.0663225 0.0974022
2 0.499998 0.226513 0.116934 0.119624
3 0.0750041 0.754908 0.149975 0.194174
1 0.5399 0.314282 0.160972 0.157794
3 0.239916 0.672462 0.173022 0.149543
3 0.11878 0.58877 0.200172 0.172402
2 0.959028 0.238079 0.0818729 0.132258
1 0.759442 0.484758 0.179521 0.148186
3 0.869446 0.465594 0.0923891 0.091675
3 0.165477 0.409801 0.150046 0.156953
3 0.910931 0.284357 0.0872598 0.0879769
2 0.75942 0.484822 0.17931 0.14709
1 0.89651 0.535462 0.10834 0.0572678
3 0.987423 0.530217 0.0251486 0.147156
3 0.0961747 0.811065 0.13862 0.146194
3 0.557908 0.66953 0.111796 0.156214
