0 0.56312 0.505883 0.113579 0.128687
2 0.851489 0.749564 0.107566 0.112513
0 0.690794 0.363487 0.115071 0.121733
1 0.335142 0.303983 0.127154 0.134946
0 0.590179 0.62168 0.120159 0.126498
3 0.915555 0.69402 0.0988138 0.101638
0 0.599897 0.407325 0.111074 0.118693
0 0.253385 0.400827 0.0968696 0.118772
0 0.476917 0.494663 0.0786636 0.0943901
0 0.751379 0.467828 0.0864116 0.103973
3 0.207259 0.213287 0.0948592 0.0947565
2 0.2039 0.143719 0.116908 0.112387
0 0.685107 0.567789 0.115521 0.100039
1 0.176867 0.343739 0.123199 0.124492
0 0.914587 0.595352 0.127106 0.108396
3 0.129464 0.25367 0.116634 0.0789555
3 0.498254 0.569991 0.09354 0.0994814
0 0.655634 0.634314 0.0435138 0.0662311
1 0.361081 0.222429 0.103578 0.0917636
1 0.675527 0.477643 0.127354 0.110512
0 0.96632 0.567835 0.0673595 0.124368
1 0.564745 0.361639 0.0974958 0.0842911
0 0.0300873 0.0920666 0.0601747 0.0896735
3 0.00905786 0.0382024 0.0181157 0.0764048
3 0.975006 0.676761 0.0499877 0.102017
3 0.814172 0.658327 0.113997 0.0870865
1 0.856938 0.550116 0.0896301 0.0684526
0 0.0294477 0.02039 0.0560733 0.0407609
2 0.911091 0.804627 0.0682404 0.0650456
