2 0.562958 0.675339 0.141288 0.145937
2 0.780616 0.386352 0.131107 0.134837
2 0.452033 0.725885 0.129856 0.128429
2 0.768152 0.253624 0.127229 0.133767
1 0.356505 0.507094 0.148909 0.147843
1 0.495951 0.499276 0.12921 0.151129
1 0.653053 0.267117 0.113177 0.127275
2 0.872177 0.302378 0.110388 0.097325
1 0.721867 0.144101 0.133174 0.13755
1 0.324448 0.606362 0.121619 0.115466
3 0.435071 0.625814 0.131816 0.133197
2 0.652122 0.629955 0.137261 0.117538
1 0.431112 0.41632 0.111512 0.124234
2 0.0359559 0.805527 0.0719014 0.113356
2 0.807969 0.144381 0.0695302 0.0970979
2 0.912589 0.0356993 0.105592 0.0713985
2 0.0811003 0.78117 0.105986 0.115535
3 0.141839 0.991494 0.138058 0.0170116
3 0.0419698 0.986063 0.0839396 0.027874
3 0.0300504 0.922158 0.0600812 0.125073
2 0.972332 0.0151597 0.0553359 0.029836
3 0.246909 0.923779 0.105214 0.108389
1 0.630604 0.2097 0.0742775 0.0616991
