2 0.555218 0.520032 0.1347 0.148748
2 0.536547 0.650227 0.160054 0.130513
1 0.41372 0.538038 0.160613 0.162227
2 0.389588 0.72529 0.178283 0.156677
2 0.559311 0.43064 0.123313 0.0880424
2 0.670567 0.520636 0.125855 0.140388
2 0.337211 0.628085 0.139475 0.114835
1 0.547457 0.767266 0.164579 0.138869
2 0.666011 0.698183 0.0628654 0.0694083
1 0.450584 0.475523 0.109468 0.0864152
2 0.639159 0.706962 0.0791643 0.0828442
3 0.932522 0.448689 0.134957 0.225482
1 0.933118 0.344907 0.133019 0.154841
2 0.932307 0.449882 0.135067 0.223378
2 0.933429 0.344892 0.133143 0.154338
2 0.0511199 0.0384137 0.102233 0.0768275
