2 0.543478 0.432576 0.17356 0.147728
2 0.6698 0.30837 0.142182 0.151076
1 0.46901 0.327365 0.177806 0.167427
2 0.496694 0.690722 0.140141 0.174883
0 0.146855 0.269535 0.0940446 0.116763
3 0.694529 0.437664 0.148563 0.144128
2 0.589843 0.709078 0.0960537 0.11097
1 0.394905 0.594448 0.132156 0.137232
3 0.395691 0.458846 0.169162 0.139837
1 0.253295 0.357114 0.109114 0.0563918
0 0.110433 0.410712 0.12907 0.122638
3 0.145233 0.475914 0.0942122 0.0788568
3 0.226083 0.449093 0.102697 0.07405
2 0.646701 0.602726 0.120558 0.147264
3 0.0407625 0.48909 0.0784186 0.0898544
1 0.140763 0.527137 0.0803531 0.0572391
3 0.541454 0.580022 0.165049 0.147744
2 0.546671 0.278426 0.128601 0.153658
3 0.0236544 0.443289 0.0473088 0.111809
3 0.413013 0.673763 0.0388849 0.0591953
3 0.0515207 0.287763 0.102699 0.106972
1 0.955174 0.844791 0.0895407 0.209738
1 0.753558 0.372955 0.0833835 0.116835
3 0.969646 0.631997 0.0605872 0.197879
1 0.976904 0.473128 0.0461922 0.150092
2 0.976664 0.47306 0.0466719 0.151427
