2 0.602292 0.443327 0.123937 0.118454
2 0.573543 0.546855 0.111035 0.104026
3 0.518156 0.873019 0.11352 0.142327
1 0.436715 0.579714 0.115632 0.105824
0 0.358973 0.501591 0.113201 0.0953176
2 0.544548 0.384332 0.1099 0.109727
2 0.457628 0.273899 0.0857838 0.101207
2 0.383213 0.256637 0.0858891 0.0926378
2 0.411683 0.35147 0.0870075 0.0967918
2 0.505885 0.336121 0.091828 0.0852341
0 0.36899 0.587706 0.0656016 0.0772151
1 0.445034 0.447473 0.0989027 0.117488
2 0.540957 0.275326 0.0828179 0.0904546
3 0.416488 0.825727 0.133006 0.120419
2 0.339765 0.320325 0.10308 0.100334
0 0.493471 0.486051 0.114804 0.119292
2 0.579267 0.620844 0.0535044 0.0548924
3 0.676362 0.819895 0.133584 0.152079
2 0.635649 0.471525 0.0725734 0.0851281
2 0.587174 0.351829 0.0639656 0.0646371
2 0.388804 0.43295 0.0466081 0.070125
