2 0.556685 0.636529 0.134851 0.123882
2 0.504806 0.71565 0.126458 0.135307
1 0.483743 0.367812 0.126827 0.112411
2 0.512666 0.181235 0.0996127 0.0926315
1 0.430314 0.262199 0.115894 0.118614
0 0.386712 0.772222 0.142665 0.133624
1 0.527913 0.267876 0.103576 0.108137
0 0.61025 0.177846 0.102819 0.131932
0 0.622726 0.317287 0.134066 0.125426
2 0.451633 0.590032 0.120199 0.121852
2 0.570409 0.412058 0.0958253 0.117833
1 0.385195 0.35876 0.108937 0.113459
2 0.67015 0.682325 0.13903 0.116884
3 0.400669 0.948025 0.11071 0.10338
1 0.545631 0.859624 0.129745 0.155093
0 0.587692 0.0441279 0.0686739 0.0882559
1 0.38804 0.646623 0.143196 0.121048
1 0.349946 0.275383 0.0758386 0.0895641
2 0.674206 0.354903 0.111671 0.108045
1 0.425486 0.186596 0.0789476 0.0626745
2 0.329952 0.743627 0.0764274 0.0994789
1 0.31759 0.639448 0.0833729 0.115907
3 0.474636 0.972628 0.127809 0.054744
2 0.654817 0.80521 0.105515 0.109926
2 0.42542 0.44579 0.0463697 0.0355212
2 0.610216 0.758671 0.133625 0.121743
0 0.668403 0.401861 0.105846 0.0400891
1 0.459956 0.430699 0.0796898 0.0556236
0 0.652181 0.0233923 0.0832832 0.0467521
0 0.69851 0.258164 0.0571191 0.0842115
1 0.47471 0.476176 0.0474596 0.0507706
