1 0.536351 0.579628 0.11113 0.103792
1 0.345229 0.630609 0.094819 0.0978448
1 0.79311 0.374472 0.0843362 0.0885199
1 0.517092 0.433557 0.0869424 0.100302
1 0.178417 0.633402 0.102785 0.0898126
1 0.475105 0.491448 0.104242 0.110393
2 0.926301 0.396847 0.113125 0.0837421
1 0.419122 0.526266 0.0910317 0.0862517
3 0.891225 0.454861 0.0907599 0.0851887
2 0.952057 0.360284 0.0958456 0.0780771
0 0.846964 0.502123 0.0933165 0.0940568
0 0.857388 0.333399 0.10541 0.103897
1 0.330765 0.561173 0.0781819 0.0732858
1 0.571539 0.452095 0.0538557 0.0880844
0 0.556237 0.655103 0.0676348 0.0756146
1 0.251151 0.596076 0.091711 0.0886542
1 0.302878 0.75267 0.0740704 0.0698428
0 0.292546 0.702176 0.0865189 0.0681049
2 0.49285 0.628091 0.0802393 0.0786972
3 0.546654 0.506937 0.0445416 0.0539555
1 0.350684 0.702343 0.045016 0.05733
1 0.751409 0.400901 0.0496268 0.0546629
1 0.254815 0.556006 0.0743472 0.0336792
1 0.197763 0.571784 0.0444482 0.0381876
