2 0.489338 0.620467 0.119938 0.112362
2 0.416629 0.604378 0.107075 0.114941
2 0.664476 0.669838 0.116083 0.102583
2 0.451996 0.7044 0.0971883 0.0939853
1 0.545704 0.689494 0.102832 0.106232
3 0.601854 0.599869 0.107941 0.106434
0 0.721782 0.585161 0.127134 0.104007
2 0.706834 0.711467 0.100119 0.101738
0 0.751225 0.62674 0.088157 0.0754245
1 0.639889 0.504089 0.0936298 0.117833
3 0.418653 0.33328 0.068605 0.0692038
2 0.643148 0.748107 0.0394077 0.0882974
3 0.489694 0.337447 0.0685887 0.0743643
3 0.538256 0.391265 0.0691805 0.0752951
0 0.540018 0.513241 0.120648 0.119498
3 0.535527 0.765911 0.0964626 0.0841946
1 0.718468 0.510719 0.0840765 0.0747182
2 0.264042 0.982038 0.0768391 0.0358334
3 0.470411 0.516918 0.0630354 0.104176
