0 0.637465 0.0819845 0.123851 0.142658
0 0.486292 0.641877 0.134335 0.157019
1 0.293153 0.622012 0.175862 0.154021
2 0.265954 0.515064 0.118217 0.101276
2 0.560198 0.634357 0.0643795 0.113023
2 0.47803 0.095853 0.102209 0.091789
1 0.384952 0.498543 0.155453 0.157281
2 0.451963 0.0322154 0.0990903 0.0644309
2 0.460921 0.716557 0.119016 0.126796
1 0.738752 0.125421 0.132519 0.119075
1 0.757491 0.0382569 0.0909921 0.076483
2 0.465759 0.187889 0.0983202 0.0929753
2 0.646342 0.283997 0.0983498 0.125171
2 0.706189 0.260055 0.0794702 0.0945335
2 0.489981 0.288371 0.0410305 0.0806933
2 0.447607 0.232096 0.066481 0.0449502
2 0.576376 0.508682 0.158911 0.121332
2 0.555413 0.04313 0.114958 0.0862434
1 0.551677 0.165894 0.110702 0.128499
2 0.275453 0.700356 0.130192 0.0679446
0 0.362331 0.985028 0.120639 0.029944
0 0.725591 0.00844931 0.0721896 0.0168867
