0 0.46617 0.3324 0.134836 0.127126
0 0.486352 0.807433 0.16697 0.176346
0 0.275601 0.536157 0.11905 0.139883
0 0.354375 0.403492 0.137617 0.141685
1 0.555782 0.734093 0.135659 0.145836
0 0.475172 0.448427 0.129821 0.107965
1 0.213562 0.416644 0.152944 0.136892
0 0.125302 0.239621 0.102057 0.0955762
0 0.36312 0.545583 0.0905917 0.117907
1 0.690792 0.669182 0.135661 0.137724
1 0.471734 0.641054 0.139748 0.13118
2 0.952136 0.967049 0.0957283 0.06577
1 0.604475 0.496177 0.133348 0.13013
0 0.134782 0.124677 0.120249 0.124489
1 0.769867 0.715787 0.118046 0.132609
2 0.0689557 0.263926 0.0947332 0.0606519
1 0.21883 0.205197 0.122818 0.0949532
0 0.0482174 0.183631 0.0964349 0.103288
3 0.65345 0.779087 0.135684 0.14638
2 0.542466 0.858796 0.0982301 0.103224
1 0.584811 0.574947 0.142102 0.143827
0 0.791943 0.638144 0.0810504 0.0974943
0 0.518243 0.525087 0.0441307 0.0884271
0 0.209434 0.540537 0.0307918 0.0820711
2 0.704071 0.517066 0.0820683 0.0774213
2 0.706103 0.583939 0.115141 0.0871953
2 0.981514 0.905795 0.036972 0.0672047
1 0.219955 0.11481 0.0903799 0.105236
