2 0.219884 0.610167 0.175232 0.144031
2 0.346338 0.690311 0.145608 0.170769
1 0.412086 0.543735 0.158565 0.162076
2 0.681225 0.582409 0.103209 0.107625
2 0.263238 0.737769 0.120034 0.14603
0 0.594002 0.537828 0.10613 0.111253
0 0.749903 0.497281 0.123344 0.0962388
0 0.561052 0.446077 0.0800539 0.0738246
2 0.821935 0.346098 0.0754089 0.0910158
0 0.705201 0.376663 0.119763 0.115533
1 0.265861 0.375536 0.14439 0.1371
2 0.286894 0.497169 0.119411 0.115158
2 0.594656 0.359485 0.10372 0.107469
1 0.519914 0.372185 0.0922925 0.103851
2 0.963755 0.320143 0.0724903 0.0788419
3 0.453403 0.61739 0.112501 0.103463
3 0.203263 0.49297 0.101637 0.116147
1 0.765423 0.409475 0.0961711 0.0953116
2 0.393734 0.4289 0.138282 0.119049
1 0.914636 0.357243 0.0955617 0.090366
0 0.656804 0.455782 0.120681 0.102348
0 0.748363 0.314284 0.0723499 0.0767557
1 0.492304 0.452392 0.0741318 0.0710404
1 0.136645 0.430801 0.147898 0.136407
3 0.0242944 0.428982 0.0485887 0.151997
2 0.119034 0.630492 0.0287053 0.0391147
2 0.112068 0.544162 0.131581 0.0686189
