0 0.474473 0.626091 0.151969 0.153168
2 0.654208 0.682501 0.156548 0.154396
0 0.812252 0.398736 0.161972 0.15581
0 0.667829 0.537027 0.143695 0.139635
0 0.52328 0.714963 0.130628 0.132996
2 0.75548 0.300906 0.134767 0.136111
0 0.800823 0.542046 0.131637 0.144149
0 0.61094 0.431499 0.142506 0.115088
1 0.61706 0.310086 0.13373 0.134646
3 0.541709 0.503674 0.131809 0.135985
2 0.423415 0.555091 0.143652 0.11721
1 0.149077 0.685746 0.15687 0.145359
2 0.95439 0.18162 0.0911893 0.112894
3 0.462916 0.432457 0.126567 0.13581
0 0.562007 0.399908 0.0700809 0.0722369
1 0.986293 0.0638524 0.0273703 0.12405
2 0.986136 0.0637592 0.027626 0.12411
