1 0.78809 0.852882 0.138797 0.142055
1 0.124885 0.298178 0.144486 0.140801
2 0.15008 0.510499 0.117106 0.111289
1 0.905629 0.851384 0.123405 0.138592
3 0.512313 0.616316 0.120715 0.121735
1 0.522673 0.52055 0.116105 0.0937535
3 0.369865 0.666922 0.139319 0.127767
0 0.515396 0.702699 0.0952832 0.075284
0 0.188264 0.415002 0.15439 0.119837
2 0.102259 0.592138 0.129703 0.105067
1 0.819526 0.927207 0.0923471 0.0843979
1 0.939727 0.771694 0.120546 0.117055
2 0.708097 0.805801 0.0907426 0.0950085
0 0.451345 0.47595 0.0783885 0.0974009
2 0.797159 0.955652 0.103379 0.0833801
2 0.677204 0.76211 0.0491913 0.0505162
3 0.79357 0.74887 0.10184 0.0891785
0 0.0507833 0.518213 0.101567 0.13542
1 0.818569 0.691571 0.0675754 0.0754208
1 0.941778 0.893162 0.116143 0.0985562
