0 0.621487 0.274676 0.123716 0.146821
0 0.908682 0.579259 0.182369 0.1832
1 0.249883 0.510309 0.124507 0.111414
0 0.719791 0.338676 0.112063 0.123462
1 0.262917 0.637527 0.120513 0.111986
1 0.279221 0.415628 0.100463 0.106506
0 0.955213 0.211812 0.0895749 0.263139
0 0.181111 0.449645 0.0990783 0.106342
3 0.463185 0.567593 0.146693 0.131478
1 0.501767 0.472825 0.129946 0.121947
1 0.334677 0.553497 0.0943108 0.0883498
1 0.643374 0.416716 0.172821 0.168357
1 0.235614 0.384305 0.0703343 0.0660599
0 0.498995 0.239826 0.140631 0.0872655
1 0.400577 0.593762 0.0876527 0.119568
1 0.401921 0.381836 0.165318 0.148499
1 0.160489 0.515635 0.0646541 0.062793
1 0.17699 0.594158 0.0890203 0.0832465
0 0.935802 0.452264 0.128249 0.216047
2 0.325986 0.661322 0.0935971 0.0971856
0 0.505909 0.330991 0.157541 0.161312
0 0.878754 0.287966 0.049183 0.0820792
1 0.388122 0.463896 0.0785416 0.0354154
0 0.402038 0.381934 0.165153 0.148479
1 0.124853 0.518916 0.0735282 0.0944515
1 0.321528 0.35205 0.044395 0.0646579
3 0.917377 0.354046 0.131916 0.111717
1 0.935819 0.452312 0.128055 0.216222
