0 0.497176 0.487864 0.0910818 0.0858449
0 0.443551 0.409815 0.0982907 0.115396
0 0.458621 0.712452 0.122437 0.123676
0 0.56586 0.689149 0.119011 0.131365
0 0.555567 0.42357 0.0912093 0.106033
0 0.391838 0.780446 0.118578 0.103591
0 0.664142 0.760177 0.119556 0.133016
0 0.556123 0.551381 0.0990736 0.106629
0 0.555311 0.824878 0.1331 0.139917
0 0.427667 0.574617 0.0892546 0.100226
0 0.486471 0.299731 0.0880649 0.0900642
0 0.491022 0.918369 0.10548 0.097077
0 0.35479 0.499357 0.0965082 0.0921062
0 0.473877 0.825375 0.082755 0.110907
0 0.37749 0.583718 0.0602229 0.0928453
0 0.634295 0.884486 0.12914 0.127683
1 0.505098 0.399758 0.0628033 0.0904876
1 0.365836 0.338019 0.0671568 0.0628145
0 0.540398 0.239173 0.0767236 0.071046
1 0.53707 0.314404 0.0532109 0.0789787
0 0.399095 0.365401 0.0418156 0.0663564
2 0.740143 0.766262 0.0568793 0.0939001
1 0.632505 0.54372 0.0665658 0.0660991
0 0.621418 0.478589 0.102051 0.0882186
2 0.702713 0.839135 0.0509204 0.0575256
1 0.642262 0.651176 0.0997386 0.101248
0 0.464365 0.616414 0.0531071 0.0802201
