2 0.476255 0.386761 0.138766 0.149201
1 0.529014 0.241919 0.171521 0.174092
1 0.432246 0.525057 0.179879 0.188146
2 0.376722 0.368796 0.130095 0.123239
1 0.604109 0.459786 0.195913 0.189385
2 0.726237 0.576742 0.160776 0.143713
2 0.60693 0.346883 0.13625 0.0774453
0 0.44338 0.676706 0.125679 0.133389
2 0.734181 0.663724 0.120819 0.0787479
2 0.728031 0.259324 0.0814569 0.148493
3 0.752807 0.478198 0.12302 0.0990044
1 0.411119 0.96382 0.182453 0.0723599
2 0.632162 0.26056 0.0616515 0.121166
0 0.583438 0.644023 0.192368 0.176219
0 0.610242 0.96453 0.22364 0.0709407
2 0.339947 0.0910894 0.0816865 0.0923396
1 0.345142 0.510406 0.120983 0.171446
1 0.608796 0.966076 0.225575 0.0677295
1 0.427238 0.203497 0.111811 0.124143
