1 0.820794 0.599536 0.161645 0.166967
3 0.566407 0.640229 0.155267 0.150579
0 0.387234 0.55461 0.115715 0.133385
0 0.655886 0.454785 0.130121 0.124248
0 0.29578 0.506647 0.127281 0.140454
1 0.26751 0.383359 0.104035 0.116825
0 0.395324 0.411146 0.12025 0.129265
3 0.722716 0.68665 0.156361 0.159089
0 0.427397 0.317068 0.121194 0.11801
1 0.783024 0.464701 0.131782 0.124589
0 0.326116 0.589256 0.0599389 0.0532155
3 0.533173 0.510533 0.141038 0.116532
1 0.207677 0.358986 0.108781 0.1265
0 0.73111 0.806306 0.0917743 0.0946106
3 0.689843 0.534261 0.133907 0.145046
0 0.191645 0.490247 0.115447 0.132199
