0 0.552137 0.707736 0.117233 0.139998
1 0.431698 0.690644 0.13335 0.130214
0 0.429797 0.272127 0.101022 0.111628
3 0.880203 0.704543 0.167649 0.149046
1 0.479923 0.362989 0.0833783 0.0619249
0 0.402735 0.506907 0.0784631 0.0844195
3 0.679869 0.544304 0.136877 0.143492
3 0.737637 0.706638 0.151059 0.144169
0 0.468005 0.583812 0.117381 0.101008
3 0.860112 0.551628 0.145616 0.128665
0 0.513573 0.42551 0.102962 0.0676238
1 0.494037 0.531863 0.1331 0.133122
2 0.155519 0.391188 0.100857 0.0827254
2 0.893164 0.59625 0.0920251 0.0745416
