1 0.490287 0.682821 0.148682 0.14598
1 0.39364 0.401476 0.116128 0.128656
1 0.369534 0.722982 0.14033 0.151079
1 0.521335 0.48867 0.107392 0.108033
2 0.286452 0.79167 0.122387 0.132881
1 0.612488 0.535298 0.0961702 0.098105
2 0.205764 0.727656 0.126703 0.106979
0 0.458986 0.365738 0.112301 0.108043
1 0.676699 0.570831 0.102975 0.107103
2 0.59729 0.444459 0.0825739 0.0880492
2 0.692653 0.39831 0.0783371 0.0906262
0 0.506319 0.0599962 0.0712933 0.0772104
0 0.504984 0.558614 0.0873618 0.071002
0 0.902058 0.575965 0.0868163 0.0738268
1 0.549086 0.60718 0.0899656 0.0993832
1 0.34964 0.265057 0.0993031 0.120019
1 0.45137 0.79473 0.109077 0.101637
0 0.896258 0.653881 0.0761177 0.0803976
2 0.541603 0.174485 0.0680901 0.0842542
1 0.573258 0.097545 0.0941421 0.0955554
0 0.864359 0.537764 0.0554489 0.0516951
2 0.711951 0.468321 0.0549605 0.0627314
0 0.448319 0.494225 0.0656522 0.0850003
0 0.952318 0.6046 0.0742323 0.0668442
2 0.443463 0.187307 0.0597485 0.0777461
0 0.706974 0.953016 0.067963 0.0939676
3 0.44253 0.0346383 0.0877666 0.0692767
2 0.628339 0.3964 0.0777322 0.0809077
2 0.477191 0.569353 0.0530048 0.0647128
3 0.552744 0.371721 0.0801611 0.10566
2 0.48526 0.42545 0.0856772 0.0713463
1 0.53085 0.0288408 0.0887778 0.0576816
