0 0.30302 0.457256 0.17223 0.182702
0 0.356887 0.748952 0.182556 0.196222
0 0.597606 0.262305 0.171798 0.141048
0 0.106788 0.532579 0.179367 0.160054
0 0.402006 0.579031 0.189073 0.180928
0 0.825432 0.117838 0.124546 0.143832
0 0.949912 0.0934061 0.100176 0.134112
0 0.274695 0.820906 0.164651 0.189403
0 0.460242 0.518601 0.150754 0.1522
1 0.644837 0.504857 0.158124 0.159356
1 0.686846 0.425234 0.112709 0.101303
0 0.443964 0.198972 0.14412 0.168767
0 0.208997 0.735798 0.102341 0.136706
2 0.540591 0.504363 0.0872026 0.123327
2 0.201033 0.501098 0.0642767 0.0691335
0 0.366082 0.320244 0.140875 0.123107
1 0.366107 0.32028 0.141061 0.123284
0 0.45629 0.37198 0.0834427 0.0808594
0 0.823544 0.0109727 0.121173 0.0219225
0 0.937706 0.0143305 0.124588 0.028661
1 0.936656 0.0142958 0.126687 0.0285916
0 0.0923913 0.691979 0.0474932 0.0219003
