2 0.492867 0.481129 0.169726 0.17108
2 0.628738 0.557596 0.194715 0.177363
2 0.757683 0.518625 0.183397 0.175446
2 0.193234 0.57734 0.142379 0.133929
3 0.504355 0.652532 0.177795 0.168855
2 0.696892 0.679572 0.142305 0.146222
2 0.381878 0.661443 0.111815 0.139363
2 0.316099 0.590131 0.140321 0.136335
2 0.777608 0.715578 0.135571 0.143366
2 0.568038 0.715197 0.112727 0.121171
2 0.2339 0.461351 0.0984416 0.120788
2 0.262521 0.694395 0.130771 0.130622
1 0.331825 0.464459 0.112903 0.121516
2 0.807452 0.476207 0.117128 0.116945
1 0.640127 0.427461 0.147054 0.104988
2 0.44933 0.584773 0.0913103 0.0878329
3 0.922857 0.750111 0.154286 0.208422
