0 0.585121 0.323599 0.156052 0.159825
0 0.517801 0.464142 0.166233 0.164209
0 0.347157 0.632099 0.168298 0.163619
0 0.352864 0.436523 0.182096 0.184716
0 0.484077 0.684814 0.159679 0.186544
0 0.63685 0.644541 0.170513 0.163405
0 0.0538537 0.0610533 0.107707 0.118183
0 0.652415 0.516469 0.148811 0.145362
1 0.69366 0.409844 0.133297 0.108695
2 0.959071 0.837935 0.0818587 0.134092
0 0.771942 0.935321 0.101447 0.129179
3 0.859415 0.832174 0.113174 0.12429
0 0.711582 0.989137 0.111254 0.0217252
0 0.115925 0.0404937 0.175621 0.0809517
1 0.116124 0.0404077 0.175407 0.0808154
3 0.980021 0.940723 0.0399575 0.0979254
1 0.325592 0.532012 0.138234 0.0944418
2 0.970647 0.731495 0.054321 0.0793825
1 0.253665 0.0295215 0.0884003 0.059043
