2 0.430382 0.310197 0.167636 0.167575
2 0.690986 0.527156 0.114639 0.135283
1 0.587287 0.263181 0.153581 0.158818
3 0.445751 0.492518 0.145992 0.154959
3 0.601256 0.548474 0.161421 0.153494
2 0.684131 0.398342 0.122633 0.130525
2 0.41249 0.0338337 0.139665 0.0676673
1 0.864666 0.959787 0.209058 0.0804269
2 0.569662 0.64542 0.0713805 0.0716632
1 0.558595 0.399969 0.183442 0.185125
1 0.30077 0.0717525 0.148228 0.131452
2 0.68731 0.339218 0.116007 0.0536313
3 0.957144 0.940297 0.0854474 0.119405
3 0.210472 0.0322181 0.142763 0.0644362
