0 0.183282 0.758008 0.098364 0.106496
2 0.728233 0.396367 0.113902 0.105218
2 0.693171 0.300498 0.110484 0.0980598
0 0.485175 0.400459 0.0807335 0.0976984
0 0.129222 0.578344 0.107386 0.110308
0 0.643442 0.360836 0.119008 0.116759
2 0.737296 0.484093 0.0915723 0.0891005
0 0.90261 0.156027 0.116519 0.114911
0 0.298853 0.633215 0.101792 0.101233
0 0.515599 0.49195 0.0755764 0.0659218
1 0.6477 0.473882 0.11255 0.107448
0 0.546781 0.342933 0.0918718 0.093508
1 0.552321 0.436867 0.116291 0.112231
0 0.220591 0.605316 0.0936229 0.0856018
0 0.59909 0.278543 0.0883248 0.0901542
0 0.226864 0.542818 0.0915794 0.0690527
1 0.122387 0.681283 0.117386 0.100844
0 0.270106 0.529699 0.0659356 0.070977
2 0.636005 0.248278 0.0706909 0.0655215
3 0.948843 0.212406 0.0966844 0.0722157
0 0.598616 0.52219 0.0989422 0.0918438
0 0.065743 0.657646 0.0429584 0.0386762
2 0.969912 0.258421 0.0601768 0.0812833
0 0.138262 0.504405 0.107841 0.0875491
0 0.3413 0.600851 0.0338153 0.0550822
3 0.945513 0.0319093 0.0900745 0.0638185
1 0.455669 0.336003 0.0787695 0.0804019
0 0.266282 0.723738 0.0541907 0.0694846
0 0.228441 0.698368 0.108017 0.103311
1 0.516361 0.300572 0.0801337 0.0979164
1 0.988093 0.0489592 0.0238139 0.0979184
1 0.895253 0.0889171 0.112519 0.0850539
0 0.0618191 0.59483 0.0880707 0.0953351
1 0.0617666 0.595005 0.0885174 0.0956494
0 0.0827886 0.536373 0.0230732 0.0241196
2 0.995138 0.244702 0.0097242 0.083995
0 0.895225 0.0890756 0.113082 0.0848768
