0 0.42531 0.507908 0.149696 0.167987
0 0.820049 0.177821 0.162786 0.164197
0 0.2896 0.600824 0.142795 0.161179
0 0.346599 0.74173 0.147987 0.139301
0 0.339389 0.40436 0.124316 0.145614
0 0.542918 0.591697 0.177557 0.141507
1 0.406151 0.670977 0.16082 0.170725
1 0.70066 0.132873 0.12632 0.142774
2 0.537002 0.691892 0.107838 0.0810208
0 0.711425 0.40667 0.148359 0.12764
0 0.922337 0.342884 0.135066 0.143614
1 0.912408 0.207888 0.10967 0.129633
0 0.46572 0.410656 0.132719 0.130506
3 0.101945 0.632613 0.138193 0.139328
0 0.825194 0.32428 0.143208 0.129914
0 0.207022 0.594757 0.0596949 0.106569
0 0.615182 0.135702 0.0518816 0.0622829
1 0.818652 0.450291 0.118306 0.126328
1 0.703426 0.273273 0.135314 0.144635
1 0.231203 0.467067 0.155425 0.155277
0 0.924036 0.0248122 0.0978 0.0495106
3 0.0142998 0.757822 0.0285997 0.128518
0 0.600119 0.232369 0.134638 0.143481
1 0.600221 0.232372 0.134467 0.143109
