0 0.379435 0.438851 0.178247 0.156914
0 0.581026 0.795435 0.153401 0.172325
0 0.521444 0.357654 0.166373 0.183078
0 0.53482 0.660385 0.152693 0.16006
3 0.474893 0.542604 0.131334 0.152181
0 0.677785 0.667039 0.156695 0.157613
2 0.135415 0.784197 0.0847929 0.099917
1 0.411987 0.685924 0.0997076 0.0879785
2 0.072784 0.660556 0.0593974 0.0624948
3 0.03681 0.851643 0.0736201 0.117917
0 0.442208 0.744352 0.136493 0.149009
3 0.0587103 0.763839 0.115214 0.111817
1 0.142288 0.639191 0.0993454 0.0726831
2 0.175271 0.736798 0.0726511 0.0643428
1 0.72005 0.592683 0.0805447 0.0382637
1 0.61104 0.475768 0.188225 0.149808
3 0.376574 0.526345 0.0671939 0.0465945
1 0.675291 0.767444 0.070612 0.0563644
