0 0.541403 0.631065 0.15143 0.167193
0 0.431171 0.473027 0.167645 0.15173
0 0.583565 0.481365 0.147906 0.143641
2 0.887421 0.913941 0.211623 0.172118
0 0.44235 0.65594 0.10202 0.156326
1 0.71164 0.535136 0.165957 0.15138
0 0.400759 0.550881 0.140141 0.0933484
1 0.66468 0.340975 0.125044 0.163964
0 0.592153 0.680227 0.107104 0.138494
1 0.539241 0.376697 0.156112 0.147489
1 0.748968 0.450128 0.157697 0.126243
2 0.878824 0.756158 0.0649582 0.0967389
3 0.810779 0.807361 0.161432 0.140355
3 0.943246 0.770708 0.113364 0.199345
2 0.350261 0.335487 0.0839177 0.0669195
