0 0.361741 0.67411 0.167805 0.170362
0 0.536756 0.502363 0.152392 0.178307
0 0.392507 0.525401 0.166458 0.150593
0 0.517124 0.664216 0.157559 0.172804
0 0.662382 0.446504 0.174797 0.157436
0 0.259085 0.602313 0.159393 0.155785
0 0.640594 0.600579 0.143608 0.149588
1 0.331572 0.764141 0.153061 0.130765
0 0.476147 0.773454 0.13783 0.112568
0 0.203881 0.295002 0.100546 0.112968
1 0.455558 0.402696 0.146785 0.136764
1 0.116022 0.195047 0.143947 0.141817
2 0.12435 0.314846 0.085984 0.0970007
0 0.858531 0.9734 0.168672 0.0531903
3 0.332816 0.452858 0.112446 0.117596
3 0.567408 0.378915 0.106308 0.0984236
3 0.904308 0.960593 0.127857 0.0788135
0 0.69118 0.994206 0.133936 0.0115883
1 0.691257 0.516202 0.0887631 0.0631596
1 0.192747 0.0678415 0.104252 0.123752
1 0.245514 0.691882 0.0726794 0.0557751
1 0.0365778 0.210558 0.0731155 0.122394
