2 0.464468 0.294296 0.104594 0.0977549
3 0.519553 0.379348 0.0911068 0.0909445
2 0.304972 0.757248 0.092303 0.111022
2 0.308565 0.650201 0.10861 0.104517
2 0.554375 0.0372226 0.0741048 0.0744452
3 0.640559 0.33449 0.105613 0.0896724
2 0.598882 0.416183 0.0951244 0.0970525
1 0.42959 0.352495 0.0970308 0.0875776
2 0.195844 0.96765 0.0923746 0.0641316
2 0.594646 0.10205 0.0803218 0.0885531
2 0.558779 0.295469 0.0812485 0.105035
2 0.444972 0.798408 0.093911 0.126924
2 0.720798 0.135006 0.0810104 0.0667351
2 0.531214 0.0702853 0.0594057 0.0578464
2 0.306334 0.598929 0.102 0.058156
3 0.57747 0.668933 0.124067 0.0893158
1 0.375515 0.730343 0.100716 0.119732
2 0.462597 0.422462 0.0468563 0.0750533
1 0.40324 0.615367 0.10044 0.116257
3 0.289696 0.956348 0.113991 0.0872501
2 0.694898 0.0786755 0.0335388 0.0539335
2 0.523706 0.74697 0.113239 0.100872
2 0.578956 0.741735 0.0337007 0.0581451
