3 0.426832 0.406026 0.143082 0.134518
3 0.220291 0.56983 0.14318 0.111692
3 0.913769 0.0981207 0.161059 0.180255
3 0.106628 0.532501 0.0990837 0.113717
3 0.578216 0.47789 0.148213 0.138098
3 0.26123 0.456955 0.12257 0.114073
3 0.933261 0.29762 0.133477 0.122905
3 0.167823 0.472555 0.0735138 0.0943733
3 0.571988 0.547855 0.138142 0.0927696
3 0.0258172 0.819404 0.0515966 0.106131
3 0.303508 0.589348 0.104177 0.103188
3 0.674061 0.75383 0.071857 0.094153
3 0.946896 0.368011 0.106208 0.0713908
3 0.0489024 0.0348772 0.0977192 0.0697537
