3 0.396454 0.445096 0.131087 0.124821
3 0.514226 0.516463 0.13187 0.120343
3 0.768765 0.279981 0.156284 0.154926
3 0.506893 0.346614 0.105051 0.136527
3 0.290257 0.592592 0.104977 0.0995052
3 0.891638 0.547373 0.148499 0.161329
3 0.908435 0.384139 0.16344 0.167118
3 0.17014 0.585266 0.111422 0.100705
3 0.235619 0.461461 0.0997045 0.102483
3 0.937744 0.239576 0.124512 0.155049
3 0.23101 0.647409 0.0776365 0.103661
3 0.057375 0.542007 0.0881351 0.0964164
3 0.151878 0.653643 0.0894777 0.0779941
3 0.879615 0.198655 0.134375 0.162125
3 0.957443 0.444269 0.0851131 0.164376
3 0.0559426 0.625702 0.0849264 0.0674649
3 0.305754 0.461896 0.0764167 0.0923288
3 0.61731 0.468165 0.133383 0.0571292
3 0.131411 0.0589501 0.124613 0.100217
