1 0.347447 0.526921 0.233871 0.192421
1 0.492691 0.682672 0.185067 0.232906
1 0.5529 0.309553 0.1631 0.183234
1 0.665061 0.420266 0.164154 0.174062
0 0.652031 0.616856 0.187288 0.162015
0 0.71321 0.352704 0.157089 0.134717
2 0.969302 0.565703 0.0613954 0.210505
3 0.353628 0.680073 0.116907 0.146556
1 0.548006 0.485435 0.180638 0.175333
0 0.0252205 0.649499 0.0504257 0.139566
0 0.0486357 0.423071 0.0972713 0.133091
1 0.620786 0.752727 0.158498 0.157796
1 0.0703088 0.574251 0.135097 0.127844
1 0.424531 0.404999 0.19828 0.139434
0 0.0512339 0.325248 0.102101 0.105003
