3 0.523571 0.446303 0.111367 0.122307
3 0.38198 0.727992 0.113771 0.139832
3 0.322338 0.848764 0.132193 0.130251
3 0.634568 0.415084 0.11784 0.108239
3 0.766347 0.144826 0.106041 0.125379
3 0.605084 0.524057 0.117608 0.136806
3 0.494231 0.344333 0.0973972 0.112944
3 0.646526 0.116193 0.100164 0.0985388
3 0.464566 0.818884 0.131859 0.122336
3 0.41352 0.928726 0.123536 0.142138
3 0.799158 0.0436219 0.112265 0.0872437
3 0.288743 0.940255 0.132413 0.119489
3 0.628302 0.0326565 0.106392 0.065313
3 0.280661 0.731383 0.103554 0.104116
3 0.714806 0.0245247 0.111115 0.0490494
3 0.228475 0.827103 0.12062 0.119906
3 0.603731 0.0736994 0.0743666 0.0786243
