3 0.544581 0.518855 0.122616 0.095125
3 0.814604 0.496129 0.1196 0.0997443
3 0.745939 0.575589 0.091124 0.100019
3 0.0965621 0.467441 0.108245 0.102547
3 0.439709 0.498698 0.0967976 0.0987351
3 0.124106 0.598946 0.10134 0.119084
3 0.65931 0.418808 0.0971242 0.10069
3 0.0793543 0.361493 0.106222 0.112463
3 0.455469 0.61014 0.0872919 0.1263
3 0.531691 0.427889 0.108076 0.099248
3 0.748175 0.414311 0.0889816 0.104484
3 0.862978 0.556927 0.126367 0.0903387
3 0.713746 0.494216 0.0789444 0.0762726
3 0.161206 0.407859 0.109078 0.0962303
3 0.805358 0.402702 0.0666095 0.10391
3 0.496885 0.400374 0.0808641 0.0821915
3 0.850563 0.456445 0.0578816 0.0488484
3 0.0960776 0.312455 0.0849139 0.077741
