3 0.952021 0.47236 0.095957 0.117133
3 0.864068 0.396098 0.124331 0.129337
3 0.156141 0.581441 0.137842 0.11465
3 0.501107 0.413268 0.116629 0.137493
3 0.546905 0.569285 0.136826 0.115655
3 0.788309 0.362824 0.113113 0.131086
3 0.912456 0.653213 0.128031 0.15202
3 0.370224 0.498876 0.145352 0.0994606
3 0.225163 0.702568 0.0951042 0.129067
3 0.949646 0.351619 0.100707 0.141562
3 0.920707 0.544522 0.109644 0.103329
3 0.338729 0.628496 0.108624 0.0872336
3 0.974396 0.57146 0.0512083 0.103877
3 0.978359 0.655057 0.0432813 0.093916
