3 0.564114 0.581459 0.130577 0.111464
3 0.557333 0.449059 0.12081 0.103181
3 0.493165 0.373772 0.10351 0.125953
3 0.862631 0.355949 0.0890121 0.100496
3 0.96806 0.49421 0.0638803 0.103758
3 0.972425 0.400953 0.0551501 0.109363
3 0.0512555 0.584148 0.102473 0.0907001
3 0.808463 0.394611 0.0986621 0.0898878
3 0.965218 0.586792 0.0695639 0.0975716
3 0.923859 0.354697 0.0792885 0.108683
3 0.00972415 0.662633 0.0194483 0.118486
3 0.477862 0.606052 0.0775946 0.0900993
3 0.441802 0.382872 0.0433366 0.0995741
3 0.860776 0.561393 0.0982727 0.101475
