3 0.180709 0.530225 0.201455 0.16654
3 0.77498 0.577973 0.140311 0.134642
3 0.640295 0.5673 0.134638 0.126095
3 0.562156 0.447219 0.120934 0.124705
3 0.135811 0.415607 0.194424 0.140164
3 0.255126 0.370396 0.136312 0.158135
3 0.858049 0.441694 0.111469 0.119889
3 0.162597 0.667805 0.192791 0.147587
3 0.517349 0.66568 0.090166 0.084397
3 0.656528 0.767827 0.0882852 0.0733517
3 0.722716 0.666408 0.0923729 0.0937748
3 0.527806 0.572451 0.0950866 0.0375644
3 0.349347 0.470308 0.0848281 0.0451311
3 0.841534 0.829889 0.0868118 0.0772379
3 0.91676 0.876067 0.0713686 0.0786337
