3 0.10602 0.444184 0.126915 0.115225
3 0.0797385 0.549818 0.133915 0.116561
3 0.580082 0.305902 0.135988 0.121827
3 0.426078 0.30249 0.12086 0.1297
3 0.577009 0.415125 0.138164 0.117912
3 0.81573 0.221753 0.130509 0.145817
3 0.0894209 0.662874 0.102094 0.11838
3 0.0883015 0.368716 0.114252 0.11198
3 0.616531 0.496121 0.152542 0.117657
3 0.0225555 0.469054 0.045111 0.119639
3 0.962447 0.232729 0.0750163 0.144014
3 0.176814 0.574025 0.0859169 0.0801236
3 0.522711 0.526205 0.0972969 0.117314
3 0.413754 0.241021 0.103494 0.0660004
