3 0.913692 0.3966 0.172615 0.193371
3 0.75064 0.4508 0.174513 0.165396
3 0.444473 0.617924 0.145438 0.136837
3 0.556128 0.395217 0.1288 0.147124
3 0.146428 0.66801 0.11878 0.158183
3 0.789988 0.295649 0.150396 0.157904
3 0.390803 0.395159 0.130194 0.140787
3 0.112539 0.419955 0.12437 0.125005
3 0.239093 0.504773 0.131709 0.106457
3 0.581452 0.619095 0.144375 0.122829
3 0.126434 0.527889 0.132279 0.115625
3 0.948669 0.292588 0.102662 0.122825
3 0.471849 0.406936 0.0642158 0.112963
3 0.204749 0.383328 0.10494 0.149629
