3 0.488117 0.513907 0.099989 0.102337
3 0.431685 0.890701 0.127225 0.117055
3 0.496245 0.416166 0.105123 0.0962347
3 0.548453 0.899181 0.109475 0.149134
3 0.591577 0.491452 0.108606 0.0894482
3 0.623893 0.409077 0.11471 0.0933113
3 0.430173 0.223856 0.097171 0.0904676
3 0.551816 0.368854 0.0805653 0.101674
3 0.411087 0.422182 0.104312 0.102221
3 0.570583 0.281131 0.0867116 0.0902047
3 0.467473 0.981328 0.141856 0.0373441
3 0.640824 0.981144 0.148267 0.0373352
3 0.431428 0.563576 0.0914732 0.105206
